KT: 8x8, strategy = 1, start = 2,3
This so is the 0th sol :
2 3
1 1
0 3
1 5
0 7
2 6
4 7
6 6
7 4
6 2
7 0
5 1
7 2
6 0
4 1
2 0
0 1
1 3
0 5
1 7
3 6
5 7
7 6
6 4
5 6
7 7
6 5
7 3
6 1
4 0
2 1
0 0
1 2
0 4
1 6
3 7
4 5
5 3
3 2
2 4
4 3
3 1
1 0
0 2
1 4
0 6
2 7
4 6
6 7
7 5
6 3
5 5
3 4
2 2
3 0
4 2
5 0
7 1
5 2
4 4
2 5
3 3
5 4
3 5
2 3
This so is the 1th sol :
2 3
1 1
0 3
1 5
0 7
2 6
4 7
6 6
7 4
6 2
7 0
5 1
7 2
6 0
4 1
2 0
0 1
1 3
0 5
1 7
3 6
5 7
7 6
6 4
5 6
7 7
6 5
7 3
6 1
4 0
2 1
0 0
1 2
0 4
1 6
3 7
4 5
5 3
3 2
2 4
4 3
3 1
1 0
0 2
1 4
0 6
2 7
4 6
6 7
5 5
3 4
2 2
3 0
4 2
5 0
7 1
5 2
3 3
2 5
4 4
6 3
7 5
5 4
3 5
2 3
This so is the 2th sol :
2 3
1 1
0 3
1 5
0 7
2 6
4 7
6 6
7 4
6 2
7 0
5 1
7 2
6 0
4 1
2 0
0 1
1 3
0 5
1 7
3 6
5 7
7 6
6 4
5 6
7 7
6 5
7 3
6 1
4 0
2 1
0 0
1 2
0 4
1 6
3 7
4 5
5 3
3 2
2 4
4 3
3 1
1 0
0 2
1 4
0 6
2 7
4 6
3 4
2 2
3 0
4 2
5 0
7 1
5 2
3 3
2 5
4 4
6 3
5 5
6 7
7 5
5 4
3 5
2 3
This so is the 3th sol :
2 3
1 1
0 3
1 5
0 7
2 6
4 7
6 6
7 4
6 2
7 0
5 1
7 2
6 0
4 1
2 0
0 1
1 3
0 5
1 7
3 6
5 7
7 6
6 4
5 6
7 7
6 5
7 3
6 1
4 0
2 1
0 0
1 2
0 4
1 6
3 7
4 5
5 3
3 2
2 4
4 3
3 1
1 0
0 2
1 4
0 6
2 7
4 6
2 5
4 4
6 3
7 5
6 7
5 5
3 4
2 2
3 0
4 2
5 0
7 1
5 2
3 3
5 4
3 5
2 3
This so is the 4th sol :
2 3
1 1
0 3
1 5
0 7
2 6
4 7
6 6
7 4
6 2
7 0
5 1
7 2
6 0
4 1
2 0
0 1
1 3
0 5
1 7
3 6
5 7
7 6
6 4
5 6
7 7
6 5
7 3
6 1
4 0
2 1
0 0
1 2
0 4
1 6
3 7
4 5
5 3
3 2
2 4
4 3
3 1
1 0
0 2
1 4
0 6
2 7
4 6
2 5
3 3
5 2
4 4
6 3
7 1
5 0
4 2
3 0
2 2
3 4
5 5
6 7
7 5
5 4
3 5
2 3
This so is the 5th sol :
2 3
1 1
0 3
1 5
0 7
2 6
4 7
6 6
7 4
6 2
7 0
5 1
7 2
6 0
4 1
2 0
0 1
1 3
0 5
1 7
3 6
5 7
7 6
6 4
5 6
7 7
6 5
7 3
6 1
4 0
2 1
0 0
1 2
0 4
1 6
3 7
4 5
5 3
3 2
2 4
4 3
3 1
1 0
0 2
1 4
0 6
2 7
3 5
5 4
7 5
6 7
4 6
2 5
3 3
5 2
7 1
5 0
4 2
3 0
2 2
3 4
5 5
6 3
4 4
2 3
This so is the 6th sol :
2 3
1 1
0 3
1 5
0 7
2 6
4 7
6 6
7 4
6 2
7 0
5 1
7 2
6 0
4 1
2 0
0 1
1 3
0 5
1 7
3 6
5 7
7 6
6 4
5 6
7 7
6 5
7 3
6 1
4 0
2 1
0 0
1 2
0 4
1 6
3 7
4 5
5 3
3 2
2 4
4 3
3 1
1 0
0 2
1 4
0 6
2 7
3 5
5 4
7 5
6 7
5 5
6 3
7 1
5 0
4 2
3 0
2 2
3 4
4 6
2 5
3 3
5 2
4 4
2 3
This so is the 7th sol :
2 3
1 1
0 3
1 5
0 7
2 6
4 7
6 6
7 4
6 2
7 0
5 1
7 2
6 0
4 1
2 0
0 1
1 3
0 5
1 7
3 6
5 7
7 6
6 4
5 6
7 7
6 5
7 3
6 1
4 0
2 1
0 0
1 2
0 4
1 6
3 7
4 5
5 3
3 2
2 4
4 3
3 1
1 0
0 2
1 4
0 6
2 7
3 5
5 4
7 5
6 3
7 1
5 0
4 2
3 0
2 2
3 4
5 5
6 7
4 6
2 5
3 3
5 2
4 4
2 3
This so is the 8th sol :
2 3
1 1
0 3
1 5
0 7
2 6
4 7
6 6
7 4
6 2
7 0
5 1
7 2
6 0
4 1
2 0
0 1
1 3
0 5
1 7
3 6
5 7
7 6
6 4
5 6
7 7
6 5
7 3
6 1
4 0
2 1
0 0
1 2
0 4
1 6
3 7
4 5
5 3
3 2
2 4
4 3
3 1
1 0
0 2
1 4
0 6
2 7
3 5
5 4
7 5
6 3
5 5
6 7
4 6
3 4
2 2
3 0
4 2
5 0
7 1
5 2
3 3
2 5
4 4
2 3
This so is the 9th sol :
2 3
1 1
0 3
1 5
0 7
2 6
4 7
6 6
7 4
6 2
7 0
5 1
7 2
6 0
4 1
2 0
0 1
1 3
0 5
1 7
3 6
5 7
7 6
6 4
5 6
7 7
6 5
7 3
6 1
4 0
2 1
0 0
1 2
0 4
1 6
3 7
4 5
5 3
3 2
2 4
4 3
3 1
1 0
0 2
1 4
0 6
2 7
3 5
5 4
4 6
6 7
7 5
6 3
5 5
3 4
2 2
3 0
4 2
5 0
7 1
5 2
3 3
2 5
4 4
2 3
This so is the 10th sol :
2 3
1 1
0 3
1 5
0 7
2 6
4 7
6 6
7 4
6 2
7 0
5 1
7 2
6 0
4 1
2 0
0 1
1 3
0 5
1 7
3 6
5 7
7 6
6 4
5 6
7 7
6 5
7 3
6 1
4 0
2 1
0 0
1 2
0 4
1 6
3 7
4 5
5 3
3 2
2 4
4 3
3 1
1 0
0 2
1 4
0 6
2 7
3 5
5 4
4 6
2 5
3 3
5 2
7 1
5 0
4 2
3 0
2 2
3 4
5 5
6 7
7 5
6 3
4 4
2 3
This so is the 11th sol :
2 3
1 1
0 3
1 5
0 7
2 6
4 7
6 6
7 4
6 2
7 0
5 1
7 2
6 0
4 1
2 0
0 1
1 3
0 5
1 7
3 6
5 7
7 6
6 4
5 6
7 7
6 5
7 3
6 1
4 0
2 1
0 0
1 2
0 4
1 6
3 7
4 5
5 3
3 2
2 4
4 3
3 1
1 0
0 2
1 4
0 6
2 7
3 5
5 4
3 3
2 5
4 6
6 7
7 5
6 3
5 5
3 4
2 2
3 0
4 2
5 0
7 1
5 2
4 4
2 3
This so is the 12th sol :
2 3
1 1
0 3
1 5
0 7
2 6
4 7
6 6
7 4
6 2
7 0
5 1
7 2
6 0
4 1
2 0
0 1
1 3
0 5
1 7
3 6
5 7
7 6
6 4
5 6
7 7
6 5
7 3
6 1
4 0
2 1
0 0
1 2
0 4
1 6
3 7
4 5
5 3
3 2
2 4
4 3
3 1
1 0
0 2
1 4
0 6
2 7
3 5
5 4
3 3
5 2
7 1
5 0
4 2
3 0
2 2
3 4
5 5
6 3
7 5
6 7
4 6
2 5
4 4
2 3
This so is the 13th sol :
2 3
1 1
0 3
1 5
0 7
2 6
4 7
6 6
7 4
6 2
7 0
5 1
7 2
6 0
4 1
2 0
0 1
1 3
0 5
1 7
3 6
5 7
7 6
6 4
5 6
7 7
6 5
7 3
6 1
4 0
2 1
0 0
1 2
0 4
1 6
3 7
4 5
5 3
3 2
2 4
4 3
3 1
1 0
0 2
1 4
0 6
2 5
4 6
2 7
3 5
5 4
3 3
5 2
7 1
5 0
4 2
3 0
2 2
3 4
5 5
6 7
7 5
6 3
4 4
2 3
This so is the 14th sol :
2 3
1 1
0 3
1 5
0 7
2 6
4 7
6 6
7 4
6 2
7 0
5 1
7 2
6 0
4 1
2 0
0 1
1 3
0 5
1 7
3 6
5 7
7 6
6 4
5 6
7 7
6 5
7 3
6 1
4 0
2 1
0 0
1 2
0 4
1 6
3 7
4 5
5 3
3 2
2 4
4 3
3 1
1 0
0 2
1 4
0 6
2 5
4 4
6 3
7 5
6 7
5 5
3 4
2 2
3 0
4 2
5 0
7 1
5 2
3 3
5 4
4 6
2 7
3 5
2 3
This so is the 15th sol :
2 3
1 1
0 3
1 5
0 7
2 6
4 7
6 6
7 4
6 2
7 0
5 1
7 2
6 0
4 1
2 0
0 1
1 3
0 5
1 7
3 6
5 7
7 6
6 4
5 6
7 7
6 5
7 3
6 1
4 0
2 1
0 0
1 2
0 4
1 6
3 7
4 5
5 3
3 2
2 4
4 3
3 1
1 0
0 2
1 4
0 6
2 5
4 4
6 3
7 5
5 4
3 3
5 2
7 1
5 0
4 2
3 0
2 2
3 4
5 5
6 7
4 6
2 7
3 5
2 3
This so is the 16th sol :
2 3
1 1
0 3
1 5
0 7
2 6
4 7
6 6
7 4
6 2
7 0
5 1
7 2
6 0
4 1
2 0
0 1
1 3
0 5
1 7
3 6
5 7
7 6
6 4
5 6
7 7
6 5
7 3
6 1
4 0
2 1
0 0
1 2
0 4
1 6
3 7
4 5
5 3
3 2
2 4
4 3
3 1
1 0
0 2
1 4
0 6
2 5
4 4
6 3
5 5
6 7
7 5
5 4
3 3
5 2
7 1
5 0
4 2
3 0
2 2
3 4
4 6
2 7
3 5
2 3
This so is the 17th sol :
2 3
1 1
0 3
1 5
0 7
2 6
4 7
6 6
7 4
6 2
7 0
5 1
7 2
6 0
4 1
2 0
0 1
1 3
0 5
1 7
3 6
5 7
7 6
6 4
5 6
7 7
6 5
7 3
6 1
4 0
2 1
0 0
1 2
0 4
1 6
3 7
4 5
5 3
3 2
2 4
4 3
3 1
1 0
0 2
1 4
0 6
2 5
4 4
6 3
5 5
3 4
2 2
3 0
4 2
5 0
7 1
5 2
3 3
5 4
7 5
6 7
4 6
2 7
3 5
2 3
This so is the 18th sol :
2 3
1 1
0 3
1 5
0 7
2 6
4 7
6 6
7 4
6 2
7 0
5 1
7 2
6 0
4 1
2 0
0 1
1 3
0 5
1 7
3 6
5 7
7 6
6 4
5 6
7 7
6 5
7 3
6 1
4 0
2 1
0 0
1 2
0 4
1 6
3 7
4 5
5 3
3 2
2 4
4 3
3 1
1 0
0 2
1 4
0 6
2 5
4 4
5 2
3 3
5 4
7 5
6 7
5 5
6 3
7 1
5 0
4 2
3 0
2 2
3 4
4 6
2 7
3 5
2 3
This so is the 19th sol :
2 3
1 1
0 3
1 5
0 7
2 6
4 7
6 6
7 4
6 2
7 0
5 1
7 2
6 0
4 1
2 0
0 1
1 3
0 5
1 7
3 6
5 7
7 6
6 4
5 6
7 7
6 5
7 3
6 1
4 0
2 1
0 0
1 2
0 4
1 6
3 7
4 5
5 3
3 2
2 4
4 3
3 1
1 0
0 2
1 4
0 6
2 5
4 4
5 2
3 3
5 4
7 5
6 3
7 1
5 0
4 2
3 0
2 2
3 4
5 5
6 7
4 6
2 7
3 5
2 3
This so is the 20th sol :
2 3
1 1
0 3
1 5
0 7
2 6
4 7
6 6
7 4
6 2
7 0
5 1
7 2
6 0
4 1
2 0
0 1
1 3
0 5
1 7
3 6
5 7
7 6
6 4
5 6
7 7
6 5
7 3
6 1
4 0
2 1
0 0
1 2
0 4
1 6
3 7
4 5
5 3
3 2
2 4
4 3
3 1
1 0
0 2
1 4
0 6
2 5
3 3
5 4
7 5
6 7
5 5
6 3
4 4
5 2
7 1
5 0
4 2
3 0
2 2
3 4
4 6
2 7
3 5
2 3
This so is the 21th sol :
2 3
1 1
0 3
1 5
0 7
2 6
4 7
6 6
7 4
6 2
7 0
5 1
7 2
6 0
4 1
2 0
0 1
1 3
0 5
1 7
3 6
5 7
7 6
6 4
5 6
7 7
6 5
7 3
6 1
4 0
2 1
0 0
1 2
0 4
1 6
3 7
4 5
5 3
3 2
2 4
4 3
3 1
1 0
0 2
1 4
0 6
2 5
3 3
5 4
7 5
6 3
4 4
5 2
7 1
5 0
4 2
3 0
2 2
3 4
5 5
6 7
4 6
2 7
3 5
2 3
This so is the 22th sol :
2 3
1 1
0 3
1 5
0 7
2 6
4 7
6 6
7 4
6 2
7 0
5 1
7 2
6 0
4 1
2 0
0 1
1 3
0 5
1 7
3 6
5 7
7 6
6 4
5 6
7 7
6 5
7 3
6 1
4 0
2 1
0 0
1 2
0 4
1 6
3 7
4 5
5 3
3 2
2 4
4 3
3 1
1 0
0 2
1 4
0 6
2 5
3 3
5 4
3 5
2 7
4 6
6 7
7 5
6 3
5 5
3 4
2 2
3 0
4 2
5 0
7 1
5 2
4 4
2 3
This so is the 23th sol :
2 3
1 1
0 3
1 5
0 7
2 6
4 7
6 6
7 4
6 2
7 0
5 1
7 2
6 0
4 1
2 0
0 1
1 3
0 5
1 7
3 6
5 7
7 6
6 4
5 6
7 7
6 5
7 3
6 1
4 0
2 1
0 0
1 2
0 4
1 6
3 7
4 5
5 3
3 2
2 4
4 3
3 1
1 0
0 2
1 4
0 6
2 5
3 3
5 2
7 1
5 0
4 2
3 0
2 2
3 4
4 6
2 7
3 5
5 4
7 5
6 7
5 5
6 3
4 4
2 3
This so is the 24th sol :
2 3
1 1
0 3
1 5
0 7
2 6
4 7
6 6
7 4
6 2
7 0
5 1
7 2
6 0
4 1
2 0
0 1
1 3
0 5
1 7
3 6
5 7
7 6
6 4
5 6
7 7
6 5
7 3
6 1
4 0
2 1
0 0
1 2
0 4
1 6
3 7
4 5
5 3
3 2
2 4
4 3
3 1
1 0
0 2
1 4
0 6
2 5
3 3
5 2
7 1
5 0
4 2
3 0
2 2
3 4
5 5
6 7
4 6
2 7
3 5
5 4
7 5
6 3
4 4
2 3
This so is the 25th sol :
2 3
1 1
0 3
1 5
0 7
2 6
4 7
6 6
7 4
6 2
7 0
5 1
7 2
6 0
4 1
2 0
0 1
1 3
0 5
1 7
3 6
5 7
7 6
6 4
5 6
7 7
6 5
7 3
6 1
4 0
2 1
0 0
1 2
0 4
1 6
3 7
4 5
5 3
3 2
2 4
4 3
3 1
1 0
0 2
1 4
0 6
2 5
3 3
5 2
4 4
6 3
7 1
5 0
4 2
3 0
2 2
3 4
5 5
6 7
7 5
5 4
4 6
2 7
3 5
2 3
This so is the 26th sol :
2 3
1 1
0 3
1 5
0 7
2 6
4 7
6 6
7 4
6 2
7 0
5 1
7 2
6 0
4 1
2 0
0 1
1 3
0 5
1 7
3 6
5 7
7 6
6 4
5 6
7 7
6 5
7 3
6 1
4 0
2 1
0 0
1 2
0 4
1 6
3 7
4 5
5 3
3 2
2 4
4 3
3 1
1 0
0 2
1 4
3 5
2 7
0 6
2 5
4 6
6 7
7 5
5 4
3 3
5 2
7 1
5 0
4 2
3 0
2 2
3 4
5 5
6 3
4 4
2 3
This so is the 27th sol :
2 3
1 1
0 3
1 5
0 7
2 6
4 7
6 6
7 4
6 2
7 0
5 1
7 2
6 0
4 1
2 0
0 1
1 3
0 5
1 7
3 6
5 7
7 6
6 4
5 6
7 7
6 5
7 3
6 1
4 0
2 1
0 0
1 2
0 4
1 6
3 7
4 5
5 3
3 2
2 4
4 3
3 1
1 0
0 2
1 4
3 5
2 7
0 6
2 5
4 6
6 7
5 5
3 4
2 2
3 0
4 2
5 0
7 1
6 3
7 5
5 4
3 3
5 2
4 4
2 3
This so is the 28th sol :
2 3
1 1
0 3
1 5
0 7
2 6
4 7
6 6
7 4
6 2
7 0
5 1
7 2
6 0
4 1
2 0
0 1
1 3
0 5
1 7
3 6
5 7
7 6
6 4
5 6
7 7
6 5
7 3
6 1
4 0
2 1
0 0
1 2
0 4
1 6
3 7
4 5
5 3
3 2
2 4
4 3
3 1
1 0
0 2
1 4
3 5
2 7
0 6
2 5
4 6
6 7
5 5
3 4
2 2
3 0
4 2
5 0
7 1
5 2
3 3
5 4
7 5
6 3
4 4
2 3
This so is the 29th sol :
2 3
1 1
0 3
1 5
0 7
2 6
4 7
6 6
7 4
6 2
7 0
5 1
7 2
6 0
4 1
2 0
0 1
1 3
0 5
1 7
3 6
5 7
7 6
6 4
5 6
7 7
6 5
7 3
6 1
4 0
2 1
0 0
1 2
0 4
1 6
3 7
4 5
5 3
3 2
2 4
4 3
3 1
1 0
0 2
1 4
3 5
2 7
0 6
2 5
4 6
5 4
3 3
5 2
7 1
5 0
4 2
3 0
2 2
3 4
5 5
6 7
7 5
6 3
4 4
2 3
This so is the 30th sol :
2 3
1 1
0 3
1 5
0 7
2 6
4 7
6 6
7 4
6 2
7 0
5 1
7 2
6 0
4 1
2 0
0 1
1 3
0 5
1 7
3 6
5 7
7 6
6 4
5 6
7 7
6 5
7 3
6 1
4 0
2 1
0 0
1 2
0 4
1 6
3 7
4 5
5 3
3 2
2 4
4 3
3 1
1 0
0 2
1 4
3 5
2 7
0 6
2 5
4 6
3 4
2 2
3 0
4 2
5 0
7 1
6 3
5 5
6 7
7 5
5 4
3 3
5 2
4 4
2 3
This so is the 31th sol :
2 3
1 1
0 3
1 5
0 7
2 6
4 7
6 6
7 4
6 2
7 0
5 1
7 2
6 0
4 1
2 0
0 1
1 3
0 5
1 7
3 6
5 7
7 6
6 4
5 6
7 7
6 5
7 3
6 1
4 0
2 1
0 0
1 2
0 4
1 6
3 7
4 5
5 3
3 2
2 4
4 3
3 1
1 0
0 2
1 4
3 5
2 7
0 6
2 5
4 6
3 4
2 2
3 0
4 2
5 0
7 1
5 2
3 3
5 4
7 5
6 7
5 5
6 3
4 4
2 3
This so is the 32th sol :
2 3
1 1
0 3
1 5
0 7
2 6
4 7
6 6
7 4
6 2
7 0
5 1
7 2
6 0
4 1
2 0
0 1
1 3
0 5
1 7
3 6
5 7
7 6
6 4
5 6
7 7
6 5
7 3
6 1
4 0
2 1
0 0
1 2
0 4
1 6
3 7
4 5
5 3
3 2
2 4
4 3
3 1
1 0
0 2
1 4
3 5
2 7
0 6
2 5
3 3
5 4
7 5
6 3
5 5
6 7
4 6
3 4
2 2
3 0
4 2
5 0
7 1
5 2
4 4
2 3
This so is the 33th sol :
2 3
1 1
0 3
1 5
0 7
2 6
4 7
6 6
7 4
6 2
7 0
5 1
7 2
6 0
4 1
2 0
0 1
1 3
0 5
1 7
3 6
5 7
7 6
6 4
5 6
7 7
6 5
7 3
6 1
4 0
2 1
0 0
1 2
0 4
1 6
3 7
4 5
5 3
3 2
2 4
4 3
3 1
1 0
0 2
1 4
3 5
2 7
0 6
2 5
3 3
5 4
4 6
6 7
7 5
6 3
5 5
3 4
2 2
3 0
4 2
5 0
7 1
5 2
4 4
2 3
This so is the 34th sol :
2 3
1 1
0 3
1 5
0 7
2 6
4 7
6 6
7 4
6 2
7 0
5 1
7 2
6 0
4 1
2 0
0 1
1 3
0 5
1 7
3 6
5 7
7 6
6 4
5 6
7 7
6 5
7 3
6 1
4 0
2 1
0 0
1 2
0 4
1 6
3 7
4 5
5 3
3 2
2 4
4 3
3 1
1 0
0 2
1 4
3 5
2 7
0 6
2 5
3 3
5 2
7 1
5 0
4 2
3 0
2 2
3 4
4 6
5 4
7 5
6 7
5 5
6 3
4 4
2 3
This so is the 35th sol :
2 3
1 1
0 3
1 5
0 7
2 6
4 7
6 6
7 4
6 2
7 0
5 1
7 2
6 0
4 1
2 0
0 1
1 3
0 5
1 7
3 6
5 7
7 6
6 4
5 6
7 7
6 5
7 3
6 1
4 0
2 1
0 0
1 2
0 4
1 6
3 7
4 5
5 3
3 2
2 4
4 3
3 1
1 0
0 2
1 4
3 5
2 7
0 6
2 5
3 3
5 2
7 1
5 0
4 2
3 0
2 2
3 4
5 5
6 7
4 6
5 4
7 5
6 3
4 4
2 3
This so is the 36th sol :
2 3
1 1
0 3
1 5
0 7
2 6
4 7
6 6
7 4
6 2
7 0
5 1
7 2
6 0
4 1
2 0
0 1
1 3
0 5
1 7
3 6
5 7
7 6
6 4
5 6
7 7
6 5
7 3
6 1
4 0
2 1
0 0
1 2
0 4
1 6
3 7
4 5
5 3
3 2
2 4
4 3
3 1
1 0
0 2
1 4
3 5
5 4
7 5
6 7
4 6
2 7
0 6
2 5
3 3
5 2
7 1
5 0
4 2
3 0
2 2
3 4
5 5
6 3
4 4
2 3
This so is the 37th sol :
2 3
1 1
0 3
1 5
0 7
2 6
4 7
6 6
7 4
6 2
7 0
5 1
7 2
6 0
4 1
2 0
0 1
1 3
0 5
1 7
3 6
5 7
7 6
6 4
5 6
7 7
6 5
7 3
6 1
4 0
2 1
0 0
1 2
0 4
1 6
3 7
4 5
5 3
3 2
2 4
4 3
3 1
1 0
0 2
1 4
3 5
5 4
7 5
6 7
5 5
6 3
7 1
5 0
4 2
3 0
2 2
3 4
4 6
2 7
0 6
2 5
3 3
5 2
4 4
2 3
This so is the 38th sol :
2 3
1 1
0 3
1 5
0 7
2 6
4 7
6 6
7 4
6 2
7 0
5 1
7 2
6 0
4 1
2 0
0 1
1 3
0 5
1 7
3 6
5 7
7 6
6 4
5 6
7 7
6 5
7 3
6 1
4 0
2 1
0 0
1 2
0 4
1 6
3 7
4 5
5 3
3 2
2 4
4 3
3 1
1 0
0 2
1 4
3 5
5 4
7 5
6 3
7 1
5 0
4 2
3 0
2 2
3 4
5 5
6 7
4 6
2 7
0 6
2 5
3 3
5 2
4 4
2 3
This so is the 39th sol :
2 3
1 1
0 3
1 5
0 7
2 6
4 7
6 6
7 4
6 2
7 0
5 1
7 2
6 0
4 1
2 0
0 1
1 3
0 5
1 7
3 6
5 7
7 6
6 4
5 6
7 7
6 5
7 3
6 1
4 0
2 1
0 0
1 2
0 4
1 6
3 7
4 5
5 3
3 2
2 4
4 3
3 1
1 0
0 2
1 4
3 5
5 4
4 6
2 7
0 6
2 5
3 3
5 2
7 1
5 0
4 2
3 0
2 2
3 4
5 5
6 7
7 5
6 3
4 4
2 3
This so is the 40th sol :
2 3
1 1
0 3
1 5
0 7
2 6
4 7
6 6
7 4
6 2
7 0
5 1
7 2
6 0
4 1
2 0
0 1
1 3
0 5
1 7
3 6
5 7
7 6
6 4
5 6
7 7
6 5
7 3
6 1
4 0
2 1
0 0
1 2
0 4
1 6
3 7
4 5
5 3
3 2
2 4
4 3
3 1
1 0
0 2
1 4
3 5
5 4
3 3
2 5
0 6
2 7
4 6
6 7
7 5
6 3
5 5
3 4
2 2
3 0
4 2
5 0
7 1
5 2
4 4
2 3
This so is the 41th sol :
2 3
1 1
0 3
1 5
0 7
2 6
4 7
6 6
7 4
6 2
7 0
5 1
7 2
6 0
4 1
2 0
0 1
1 3
0 5
1 7
3 6
5 7
7 6
6 4
5 6
7 7
6 5
7 3
6 1
4 0
2 1
0 0
1 2
0 4
1 6
3 7
4 5
5 3
3 2
2 4
4 3
3 1
1 0
0 2
1 4
3 5
5 4
3 3
5 2
7 1
5 0
4 2
3 0
2 2
3 4
5 5
6 3
7 5
6 7
4 6
2 7
0 6
2 5
4 4
2 3
This so is the 42th sol :
2 3
1 1
0 3
1 5
0 7
2 6
4 7
6 6
7 4
6 2
7 0
5 1
7 2
6 0
4 1
2 0
0 1
1 3
0 5
1 7
3 6
5 7
7 6
6 4
5 6
7 7
6 5
7 3
6 1
4 0
2 1
0 0
1 2
0 4
1 6
3 7
4 5
5 3
3 2
2 4
4 3
3 1
1 0
0 2
1 4
3 3
2 5
0 6
2 7
4 6
6 7
5 5
3 4
2 2
3 0
4 2
5 0
7 1
5 2
4 4
6 3
7 5
5 4
3 5
2 3
This so is the 43th sol :
2 3
1 1
0 3
1 5
0 7
2 6
4 7
6 6
7 4
6 2
7 0
5 1
7 2
6 0
4 1
2 0
0 1
1 3
0 5
1 7
3 6
5 7
7 6
6 4
5 6
7 7
6 5
7 3
6 1
4 0
2 1
0 0
1 2
0 4
1 6
3 7
4 5
5 3
3 2
2 4
4 3
3 1
1 0
0 2
1 4
3 3
2 5
0 6
2 7
4 6
3 4
2 2
3 0
4 2
5 0
7 1
5 2
4 4
6 3
5 5
6 7
7 5
5 4
3 5
2 3
This so is the 44th sol :
2 3
1 1
0 3
1 5
0 7
2 6
4 7
6 6
7 4
6 2
7 0
5 1
7 2
6 0
4 1
2 0
0 1
1 3
0 5
1 7
3 6
5 7
7 6
6 4
5 6
7 7
6 5
7 3
6 1
4 0
2 1
0 0
1 2
0 4
1 6
3 7
4 5
5 3
3 2
2 4
4 3
3 1
1 0
0 2
1 4
3 3
2 5
0 6
2 7
3 5
5 4
7 5
6 3
5 5
6 7
4 6
3 4
2 2
3 0
4 2
5 0
7 1
5 2
4 4
2 3
This so is the 45th sol :
2 3
1 1
0 3
1 5
0 7
2 6
4 7
6 6
7 4
6 2
7 0
5 1
7 2
6 0
4 1
2 0
0 1
1 3
0 5
1 7
3 6
5 7
7 6
6 4
5 6
7 7
6 5
7 3
6 1
4 0
2 1
0 0
1 2
0 4
1 6
3 7
4 5
5 3
3 2
2 4
4 3
3 1
1 0
0 2
1 4
3 3
2 5
0 6
2 7
3 5
5 4
4 6
6 7
7 5
6 3
5 5
3 4
2 2
3 0
4 2
5 0
7 1
5 2
4 4
2 3
This so is the 46th sol :
2 3
1 1
0 3
1 5
0 7
2 6
4 7
6 6
7 4
6 2
7 0
5 1
7 2
6 0
4 1
2 0
0 1
1 3
0 5
1 7
3 6
5 7
7 6
6 4
5 6
7 7
6 5
7 3
6 1
4 0
2 1
0 0
1 2
0 4
1 6
3 7
4 5
5 3
3 2
2 4
4 3
3 1
1 0
0 2
1 4
3 3
5 4
7 5
6 7
5 5
6 3
4 4
5 2
7 1
5 0
4 2
3 0
2 2
3 4
4 6
2 5
0 6
2 7
3 5
2 3
This so is the 47th sol :
2 3
1 1
0 3
1 5
0 7
2 6
4 7
6 6
7 4
6 2
7 0
5 1
7 2
6 0
4 1
2 0
0 1
1 3
0 5
1 7
3 6
5 7
7 6
6 4
5 6
7 7
6 5
7 3
6 1
4 0
2 1
0 0
1 2
0 4
1 6
3 7
4 5
5 3
3 2
2 4
4 3
3 1
1 0
0 2
1 4
3 3
5 4
7 5
6 3
5 5
6 7
4 6
3 4
2 2
3 0
4 2
5 0
7 1
5 2
4 4
2 5
0 6
2 7
3 5
2 3
This so is the 48th sol :
2 3
1 1
0 3
1 5
0 7
2 6
4 7
6 6
7 4
6 2
7 0
5 1
7 2
6 0
4 1
2 0
0 1
1 3
0 5
1 7
3 6
5 7
7 6
6 4
5 6
7 7
6 5
7 3
6 1
4 0
2 1
0 0
1 2
0 4
1 6
3 7
4 5
5 3
3 2
2 4
4 3
3 1
1 0
0 2
1 4
3 3
5 4
7 5
6 3
4 4
5 2
7 1
5 0
4 2
3 0
2 2
3 4
5 5
6 7
4 6
2 5
0 6
2 7
3 5
2 3
This so is the 49th sol :
2 3
1 1
0 3
1 5
0 7
2 6
4 7
6 6
7 4
6 2
7 0
5 1
7 2
6 0
4 1
2 0
0 1
1 3
0 5
1 7
3 6
5 7
7 6
6 4
5 6
7 7
6 5
7 3
6 1
4 0
2 1
0 0
1 2
0 4
1 6
3 7
4 5
5 3
3 2
2 4
4 3
3 1
1 0
0 2
1 4
3 3
5 4
4 6
6 7
7 5
6 3
5 5
3 4
2 2
3 0
4 2
5 0
7 1
5 2
4 4
2 5
0 6
2 7
3 5
2 3
This so is the 50th sol :
2 3
1 1
0 3
1 5
0 7
2 6
4 7
6 6
7 4
6 2
7 0
5 1
7 2
6 0
4 1
2 0
0 1
1 3
0 5
1 7
3 6
5 7
7 6
6 4
5 6
7 7
6 5
7 3
6 1
4 0
2 1
0 0
1 2
0 4
1 6
3 7
4 5
5 3
3 2
2 4
4 3
3 1
1 0
0 2
1 4
3 3
5 4
3 5
2 7
0 6
2 5
4 6
6 7
7 5
6 3
5 5
3 4
2 2
3 0
4 2
5 0
7 1
5 2
4 4
2 3
This so is the 51th sol :
2 3
1 1
0 3
1 5
0 7
2 6
4 7
6 6
7 4
6 2
7 0
5 1
7 2
6 0
4 1
2 0
0 1
1 3
0 5
1 7
3 6
5 7
7 6
6 4
5 6
7 7
6 5
7 3
6 1
4 0
2 1
0 0
1 2
0 4
1 6
3 7
4 5
5 3
3 2
2 4
4 3
3 1
1 0
0 2
1 4
3 3
5 2
7 1
5 0
4 2
3 0
2 2
3 4
4 6
6 7
5 5
6 3
7 5
5 4
3 5
2 7
0 6
2 5
4 4
2 3
This so is the 52th sol :
2 3
1 1
0 3
1 5
0 7
2 6
4 7
6 6
7 4
6 2
7 0
5 1
7 2
6 0
4 1
2 0
0 1
1 3
0 5
1 7
3 6
5 7
7 6
6 4
5 6
7 7
6 5
7 3
6 1
4 0
2 1
0 0
1 2
0 4
1 6
3 7
4 5
5 3
3 2
2 4
4 3
3 1
1 0
0 2
1 4
3 3
5 2
7 1
5 0
4 2
3 0
2 2
3 4
4 6
2 7
0 6
2 5
4 4
6 3
5 5
6 7
7 5
5 4
3 5
2 3
This so is the 53th sol :
2 3
1 1
0 3
1 5
0 7
2 6
4 7
6 6
7 4
6 2
7 0
5 1
7 2
6 0
4 1
2 0
0 1
1 3
0 5
1 7
3 6
5 7
7 6
6 4
5 6
7 7
6 5
7 3
6 1
4 0
2 1
0 0
1 2
0 4
1 6
3 7
4 5
5 3
3 2
2 4
4 3
3 1
1 0
0 2
1 4
3 3
5 2
7 1
5 0
4 2
3 0
2 2
3 4
4 6
5 4
7 5
6 7
5 5
6 3
4 4
2 5
0 6
2 7
3 5
2 3
This so is the 54th sol :
2 3
1 1
0 3
1 5
0 7
2 6
4 7
6 6
7 4
6 2
7 0
5 1
7 2
6 0
4 1
2 0
0 1
1 3
0 5
1 7
3 6
5 7
7 6
6 4
5 6
7 7
6 5
7 3
6 1
4 0
2 1
0 0
1 2
0 4
1 6
3 7
4 5
5 3
3 2
2 4
4 3
3 1
1 0
0 2
1 4
3 3
5 2
7 1
5 0
4 2
3 0
2 2
3 4
4 6
2 5
0 6
2 7
3 5
5 4
7 5
6 7
5 5
6 3
4 4
2 3
This so is the 55th sol :
2 3
1 1
0 3
1 5
0 7
2 6
4 7
6 6
7 4
6 2
7 0
5 1
7 2
6 0
4 1
2 0
0 1
1 3
0 5
1 7
3 6
5 7
7 6
6 4
5 6
7 7
6 5
7 3
6 1
4 0
2 1
0 0
1 2
0 4
1 6
3 7
4 5
5 3
3 2
2 4
4 3
3 1
1 0
0 2
1 4
3 3
5 2
7 1
5 0
4 2
3 0
2 2
3 4
5 5
6 7
7 5
6 3
4 4
2 5
0 6
2 7
4 6
5 4
3 5
2 3
This so is the 56th sol :
2 3
1 1
0 3
1 5
0 7
2 6
4 7
6 6
7 4
6 2
7 0
5 1
7 2
6 0
4 1
2 0
0 1
1 3
0 5
1 7
3 6
5 7
7 6
6 4
5 6
7 7
6 5
7 3
6 1
4 0
2 1
0 0
1 2
0 4
1 6
3 7
4 5
5 3
3 2
2 4
4 3
3 1
1 0
0 2
1 4
3 3
5 2
7 1
5 0
4 2
3 0
2 2
3 4
5 5
6 7
4 6
2 7
0 6
2 5
4 4
6 3
7 5
5 4
3 5
2 3
This so is the 57th sol :
2 3
1 1
0 3
1 5
0 7
2 6
4 7
6 6
7 4
6 2
7 0
5 1
7 2
6 0
4 1
2 0
0 1
1 3
0 5
1 7
3 6
5 7
7 6
6 4
5 6
7 7
6 5
7 3
6 1
4 0
2 1
0 0
1 2
0 4
1 6
3 7
4 5
5 3
3 2
2 4
4 3
3 1
1 0
0 2
1 4
3 3
5 2
7 1
5 0
4 2
3 0
2 2
3 4
5 5
6 7
4 6
5 4
7 5
6 3
4 4
2 5
0 6
2 7
3 5
2 3
This so is the 58th sol :
2 3
1 1
0 3
1 5
0 7
2 6
4 7
6 6
7 4
6 2
7 0
5 1
7 2
6 0
4 1
2 0
0 1
1 3
0 5
1 7
3 6
5 7
7 6
6 4
5 6
7 7
6 5
7 3
6 1
4 0
2 1
0 0
1 2
0 4
1 6
3 7
4 5
5 3
3 2
2 4
4 3
3 1
1 0
0 2
1 4
3 3
5 2
7 1
5 0
4 2
3 0
2 2
3 4
5 5
6 7
4 6
2 5
0 6
2 7
3 5
5 4
7 5
6 3
4 4
2 3
This so is the 59th sol :
2 3
1 1
0 3
1 5
0 7
2 6
4 7
6 6
7 4
6 2
7 0
5 1
7 2
6 0
4 1
2 0
0 1
1 3
0 5
1 7
3 6
5 7
7 6
6 4
5 6
7 7
6 5
7 3
6 1
4 0
2 1
0 0
1 2
0 4
1 6
3 7
4 5
5 3
3 2
2 4
4 3
3 1
1 0
0 2
1 4
3 3
5 2
7 1
5 0
4 2
3 0
2 2
3 4
5 5
6 3
7 5
6 7
4 6
5 4
3 5
2 7
0 6
2 5
4 4
2 3
This so is the 60th sol :
2 3
1 1
0 3
1 5
0 7
2 6
4 7
6 6
7 4
6 2
7 0
5 1
7 2
6 0
4 1
2 0
0 1
1 3
0 5
1 7
3 6
5 7
7 6
6 4
5 6
7 7
6 5
7 3
6 1
4 0
2 1
0 0
1 2
0 4
1 6
3 7
4 5
5 3
3 2
2 4
4 3
3 1
1 0
0 2
1 4
3 3
5 2
7 1
5 0
4 2
3 0
2 2
3 4
5 5
6 3
4 4
2 5
0 6
2 7
4 6
6 7
7 5
5 4
3 5
2 3
This so is the 61th sol :
2 3
1 1
0 3
1 5
0 7
2 6
4 7
6 6
7 4
6 2
7 0
5 1
7 2
6 0
4 1
2 0
0 1
1 3
0 5
1 7
3 6
5 7
7 6
6 4
5 6
7 7
6 5
7 3
6 1
4 0
2 1
0 0
1 2
0 4
1 6
3 7
4 5
5 3
3 2
2 4
4 3
3 1
1 0
0 2
1 4
3 3
5 2
4 4
6 3
7 1
5 0
4 2
3 0
2 2
3 4
5 5
6 7
7 5
5 4
4 6
2 5
0 6
2 7
3 5
2 3
This so is the 62th sol :
2 3
1 1
0 3
1 5
0 7
2 6
4 7
6 6
7 4
6 2
7 0
5 1
7 2
6 0
4 1
2 0
0 1
1 3
0 5
1 7
3 6
5 7
7 6
6 4
5 6
7 7
6 5
7 3
6 1
4 0
2 1
0 0
1 2
0 4
1 6
3 7
4 5
5 3
3 2
2 4
4 3
3 1
1 0
0 2
1 4
3 3
5 2
4 4
2 5
0 6
2 7
4 6
6 7
5 5
3 4
2 2
3 0
4 2
5 0
7 1
6 3
7 5
5 4
3 5
2 3
This so is the 63th sol :
2 3
1 1
0 3
1 5
0 7
2 6
4 7
6 6
7 4
6 2
7 0
5 1
7 2
6 0
4 1
2 0
0 1
1 3
0 5
1 7
3 6
5 7
7 6
6 4
5 6
7 7
6 5
7 3
6 1
4 0
2 1
0 0
1 2
0 4
1 6
3 7
4 5
5 3
3 2
2 4
4 3
3 1
1 0
0 2
1 4
3 3
5 2
4 4
2 5
0 6
2 7
4 6
3 4
2 2
3 0
4 2
5 0
7 1
6 3
5 5
6 7
7 5
5 4
3 5
2 3
This so is the 64th sol :
2 3
1 1
0 3
1 5
0 7
2 6
4 7
6 6
7 4
6 2
7 0
5 1
7 2
6 0
4 1
2 0
0 1
1 3
0 5
1 7
3 6
5 7
7 6
6 4
5 6
7 7
6 5
7 3
6 1
4 0
2 1
0 0
1 2
0 4
1 6
3 7
4 5
5 3
3 2
2 4
4 3
3 1
1 0
0 2
1 4
2 2
3 0
4 2
5 0
7 1
6 3
7 5
6 7
5 5
3 4
4 6
2 7
0 6
2 5
4 4
5 2
3 3
5 4
3 5
2 3
This so is the 65th sol :
2 3
1 1
0 3
1 5
0 7
2 6
4 7
6 6
7 4
6 2
7 0
5 1
7 2
6 0
4 1
2 0
0 1
1 3
0 5
1 7
3 6
5 7
7 6
6 4
5 6
7 7
6 5
7 3
6 1
4 0
2 1
0 0
1 2
0 4
1 6
3 7
4 5
5 3
3 2
2 4
4 3
3 1
1 0
0 2
1 4
2 2
3 0
4 2
5 0
7 1
6 3
7 5
6 7
5 5
3 4
4 6
5 4
3 3
5 2
4 4
2 5
0 6
2 7
3 5
2 3
This so is the 66th sol :
2 3
1 1
0 3
1 5
0 7
2 6
4 7
6 6
7 4
6 2
7 0
5 1
7 2
6 0
4 1
2 0
0 1
1 3
0 5
1 7
3 6
5 7
7 6
6 4
5 6
7 7
6 5
7 3
6 1
4 0
2 1
0 0
1 2
0 4
1 6
3 7
4 5
5 3
3 2
2 4
4 3
3 1
1 0
0 2
1 4
2 2
3 0
4 2
5 0
7 1
6 3
7 5
6 7
5 5
3 4
4 6
5 4
3 5
2 7
0 6
2 5
3 3
5 2
4 4
2 3
This so is the 67th sol :
2 3
1 1
0 3
1 5
0 7
2 6
4 7
6 6
7 4
6 2
7 0
5 1
7 2
6 0
4 1
2 0
0 1
1 3
0 5
1 7
3 6
5 7
7 6
6 4
5 6
7 7
6 5
7 3
6 1
4 0
2 1
0 0
1 2
0 4
1 6
3 7
4 5
5 3
3 2
2 4
4 3
3 1
1 0
0 2
1 4
2 2
3 0
4 2
5 0
7 1
6 3
7 5
6 7
5 5
3 4
4 6
2 5
0 6
2 7
3 5
5 4
3 3
5 2
4 4
2 3
This so is the 68th sol :
2 3
1 1
0 3
1 5
0 7
2 6
4 7
6 6
7 4
6 2
7 0
5 1
7 2
6 0
4 1
2 0
0 1
1 3
0 5
1 7
3 6
5 7
7 6
6 4
5 6
7 7
6 5
7 3
6 1
4 0
2 1
0 0
1 2
0 4
1 6
3 7
4 5
5 3
3 2
2 4
4 3
3 1
1 0
0 2
1 4
2 2
3 0
4 2
5 0
7 1
6 3
5 5
3 4
4 6
6 7
7 5
5 4
3 3
5 2
4 4
2 5
0 6
2 7
3 5
2 3
This so is the 69th sol :
2 3
1 1
0 3
1 5
0 7
2 6
4 7
6 6
7 4
6 2
7 0
5 1
7 2
6 0
4 1
2 0
0 1
1 3
0 5
1 7
3 6
5 7
7 6
6 4
5 6
7 7
6 5
7 3
6 1
4 0
2 1
0 0
1 2
0 4
1 6
3 7
4 5
5 3
3 2
2 4
4 3
3 1
1 0
0 2
1 4
2 2
3 0
4 2
5 0
7 1
6 3
5 5
3 4
4 6
6 7
7 5
5 4
3 5
2 7
0 6
2 5
3 3
5 2
4 4
2 3
This so is the 70th sol :
2 3
1 1
0 3
1 5
0 7
2 6
4 7
6 6
7 4
6 2
7 0
5 1
7 2
6 0
4 1
2 0
0 1
1 3
0 5
1 7
3 6
5 7
7 6
6 4
5 6
7 7
6 5
7 3
6 1
4 0
2 1
0 0
1 2
0 4
1 6
3 7
4 5
5 3
3 2
2 4
4 3
3 1
1 0
0 2
1 4
2 2
3 0
4 2
5 0
7 1
6 3
4 4
5 2
3 3
2 5
0 6
2 7
4 6
3 4
5 5
6 7
7 5
5 4
3 5
2 3
This so is the 71th sol :
2 3
1 1
0 3
1 5
0 7
2 6
4 7
6 6
7 4
6 2
7 0
5 1
7 2
6 0
4 1
2 0
0 1
1 3
0 5
1 7
3 6
5 7
7 6
6 4
5 6
7 7
6 5
7 3
6 1
4 0
2 1
0 0
1 2
0 4
1 6
3 7
4 5
5 3
3 2
2 4
4 3
3 1
1 0
0 2
1 4
2 2
3 0
4 2
5 0
7 1
6 3
4 4
5 2
3 3
5 4
7 5
6 7
5 5
3 4
4 6
2 5
0 6
2 7
3 5
2 3
This so is the 72th sol :
2 3
1 1
0 3
1 5
0 7
2 6
4 7
6 6
7 4
6 2
7 0
5 1
7 2
6 0
4 1
2 0
0 1
1 3
0 5
1 7
3 6
5 7
7 6
6 4
5 6
7 7
6 5
7 3
6 1
4 0
2 1
0 0
1 2
0 4
1 6
3 7
4 5
5 3
3 2
2 4
4 3
3 1
1 0
0 2
1 4
2 2
3 0
4 2
5 0
7 1
5 2
4 4
6 3
7 5
6 7
5 5
3 4
4 6
2 7
0 6
2 5
3 3
5 4
3 5
2 3
This so is the 73th sol :
2 3
1 1
0 3
1 5
0 7
2 6
4 7
6 6
7 4
6 2
7 0
5 1
7 2
6 0
4 1
2 0
0 1
1 3
0 5
1 7
3 6
5 7
7 6
6 4
5 6
7 7
6 5
7 3
6 1
4 0
2 1
0 0
1 2
0 4
1 6
3 7
4 5
5 3
3 2
2 4
4 3
3 1
1 0
0 2
1 4
2 2
3 0
4 2
5 0
7 1
5 2
4 4
6 3
7 5
6 7
5 5
3 4
4 6
5 4
3 3
2 5
0 6
2 7
3 5
2 3
This so is the 74th sol :
2 3
1 1
0 3
1 5
0 7
2 6
4 7
6 6
7 4
6 2
7 0
5 1
7 2
6 0
4 1
2 0
0 1
1 3
0 5
1 7
3 6
5 7
7 6
6 4
5 6
7 7
6 5
7 3
6 1
4 0
2 1
0 0
1 2
0 4
1 6
3 7
4 5
5 3
3 2
2 4
4 3
3 1
1 0
0 2
1 4
2 2
3 0
4 2
5 0
7 1
5 2
4 4
6 3
5 5
3 4
4 6
6 7
7 5
5 4
3 3
2 5
0 6
2 7
3 5
2 3
This so is the 75th sol :
2 3
1 1
0 3
1 5
0 7
2 6
4 7
6 6
7 4
6 2
7 0
5 1
7 2
6 0
4 1
2 0
0 1
1 3
0 5
1 7
3 6
5 7
7 6
6 4
5 6
7 7
6 5
7 3
6 1
4 0
2 1
0 0
1 2
0 4
1 6
3 7
4 5
5 3
3 2
2 4
4 3
3 1
1 0
0 2
1 4
2 2
3 0
4 2
5 0
7 1
5 2
3 3
2 5
0 6
2 7
3 5
5 4
7 5
6 7
4 6
3 4
5 5
6 3
4 4
2 3
This so is the 76th sol :
2 3
1 1
0 3
1 5
0 7
2 6
4 7
6 6
7 4
6 2
7 0
5 1
7 2
6 0
4 1
2 0
0 1
1 3
0 5
1 7
3 6
5 7
7 6
6 4
5 6
7 7
6 5
7 3
6 1
4 0
2 1
0 0
1 2
0 4
1 6
3 7
4 5
5 3
3 2
2 4
4 3
3 1
1 0
0 2
1 4
2 2
3 0
4 2
5 0
7 1
5 2
3 3
2 5
0 6
2 7
3 5
5 4
4 6
3 4
5 5
6 7
7 5
6 3
4 4
2 3
This so is the 77th sol :
2 3
1 1
0 3
1 5
0 7
2 6
4 7
6 6
7 4
6 2
7 0
5 1
7 2
6 0
4 1
2 0
0 1
1 3
0 5
1 7
3 6
5 7
7 6
6 4
5 6
7 7
6 5
7 3
6 1
4 0
2 1
0 0
1 2
0 4
1 6
3 7
4 5
5 3
3 2
2 4
4 3
3 1
1 0
0 2
1 4
2 2
3 0
4 2
5 0
7 1
5 2
3 3
5 4
7 5
6 7
4 6
3 4
5 5
6 3
4 4
2 5
0 6
2 7
3 5
2 3
This so is the 78th sol :
2 3
1 1
0 3
1 5
0 7
2 6
4 7
6 6
7 4
6 2
7 0
5 1
7 2
6 0
4 1
2 0
0 1
1 3
0 5
1 7
3 6
5 7
7 6
6 4
5 6
7 7
6 5
7 3
6 1
4 0
2 1
0 0
1 2
0 4
1 6
3 7
4 5
5 3
3 2
2 4
4 3
3 1
1 0
0 2
1 4
2 2
3 0
4 2
5 0
7 1
5 2
3 3
5 4
4 6
3 4
5 5
6 7
7 5
6 3
4 4
2 5
0 6
2 7
3 5
2 3
This so is the 79th sol :
2 3
1 1
0 3
1 5
0 7
2 6
4 7
6 6
7 4
6 2
7 0
5 1
7 2
6 0
4 1
2 0
0 1
1 3
0 5
1 7
3 6
5 7
7 6
6 4
5 6
7 7
6 5
7 3
6 1
4 0
2 1
0 0
1 2
0 4
1 6
3 7
4 5
5 3
3 2
2 4
4 3
3 1
1 0
0 2
1 4
2 2
3 0
4 2
5 0
7 1
5 2
3 3
5 4
3 5
2 7
0 6
2 5
4 6
3 4
5 5
6 7
7 5
6 3
4 4
2 3
This so is the 80th sol :
2 3
1 1
0 3
1 5
0 7
2 6
4 7
6 6
7 4
6 2
7 0
5 1
7 2
6 0
4 1
2 0
0 1
1 3
0 5
1 7
3 6
5 7
7 6
6 4
5 6
7 7
6 5
7 3
6 1
4 0
2 1
0 0
1 2
0 4
1 6
3 7
4 5
5 3
3 2
2 4
4 3
3 1
1 0
2 2
3 0
4 2
5 0
7 1
6 3
7 5
6 7
5 5
3 4
4 6
2 7
0 6
2 5
4 4
5 2
3 3
5 4
3 5
1 4
0 2
2 3
This so is the 81th sol :
2 3
1 1
0 3
1 5
0 7
2 6
4 7
6 6
7 4
6 2
7 0
5 1
7 2
6 0
4 1
2 0
0 1
1 3
0 5
1 7
3 6
5 7
7 6
6 4
5 6
7 7
6 5
7 3
6 1
4 0
2 1
0 0
1 2
0 4
1 6
3 7
4 5
5 3
3 2
2 4
4 3
3 1
1 0
2 2
3 0
4 2
5 0
7 1
6 3
7 5
6 7
5 5
3 4
4 6
2 7
3 5
5 4
3 3
5 2
4 4
2 5
0 6
1 4
0 2
2 3
This so is the 82th sol :
2 3
1 1
0 3
1 5
0 7
2 6
4 7
6 6
7 4
6 2
7 0
5 1
7 2
6 0
4 1
2 0
0 1
1 3
0 5
1 7
3 6
5 7
7 6
6 4
5 6
7 7
6 5
7 3
6 1
4 0
2 1
0 0
1 2
0 4
1 6
3 7
4 5
5 3
3 2
2 4
4 3
3 1
1 0
2 2
3 0
4 2
5 0
7 1
6 3
7 5
6 7
5 5
3 4
4 6
5 4
3 3
5 2
4 4
2 5
0 6
2 7
3 5
1 4
0 2
2 3
This so is the 83th sol :
2 3
1 1
0 3
1 5
0 7
2 6
4 7
6 6
7 4
6 2
7 0
5 1
7 2
6 0
4 1
2 0
0 1
1 3
0 5
1 7
3 6
5 7
7 6
6 4
5 6
7 7
6 5
7 3
6 1
4 0
2 1
0 0
1 2
0 4
1 6
3 7
4 5
5 3
3 2
2 4
4 3
3 1
1 0
2 2
3 0
4 2
5 0
7 1
6 3
7 5
6 7
5 5
3 4
4 6
5 4
3 5
2 7
0 6
2 5
4 4
5 2
3 3
1 4
0 2
2 3
This so is the 84th sol :
2 3
1 1
0 3
1 5
0 7
2 6
4 7
6 6
7 4
6 2
7 0
5 1
7 2
6 0
4 1
2 0
0 1
1 3
0 5
1 7
3 6
5 7
7 6
6 4
5 6
7 7
6 5
7 3
6 1
4 0
2 1
0 0
1 2
0 4
1 6
3 7
4 5
5 3
3 2
2 4
4 3
3 1
1 0
2 2
3 0
4 2
5 0
7 1
6 3
7 5
6 7
5 5
3 4
4 6
2 5
4 4
5 2
3 3
5 4
3 5
2 7
0 6
1 4
0 2
2 3
This so is the 85th sol :
2 3
1 1
0 3
1 5
0 7
2 6
4 7
6 6
7 4
6 2
7 0
5 1
7 2
6 0
4 1
2 0
0 1
1 3
0 5
1 7
3 6
5 7
7 6
6 4
5 6
7 7
6 5
7 3
6 1
4 0
2 1
0 0
1 2
0 4
1 6
3 7
4 5
5 3
3 2
2 4
4 3
3 1
1 0
2 2
3 0
4 2
5 0
7 1
6 3
5 5
3 4
4 6
6 7
7 5
5 4
3 3
5 2
4 4
2 5
0 6
2 7
3 5
1 4
0 2
2 3
This so is the 86th sol :
2 3
1 1
0 3
1 5
0 7
2 6
4 7
6 6
7 4
6 2
7 0
5 1
7 2
6 0
4 1
2 0
0 1
1 3
0 5
1 7
3 6
5 7
7 6
6 4
5 6
7 7
6 5
7 3
6 1
4 0
2 1
0 0
1 2
0 4
1 6
3 7
4 5
5 3
3 2
2 4
4 3
3 1
1 0
2 2
3 0
4 2
5 0
7 1
6 3
5 5
3 4
4 6
6 7
7 5
5 4
3 5
2 7
0 6
2 5
4 4
5 2
3 3
1 4
0 2
2 3
This so is the 87th sol :
2 3
1 1
0 3
1 5
0 7
2 6
4 7
6 6
7 4
6 2
7 0
5 1
7 2
6 0
4 1
2 0
0 1
1 3
0 5
1 7
3 6
5 7
7 6
6 4
5 6
7 7
6 5
7 3
6 1
4 0
2 1
0 0
1 2
0 4
1 6
3 7
4 5
5 3
3 2
2 4
4 3
3 1
1 0
2 2
3 0
4 2
5 0
7 1
6 3
4 4
5 2
3 3
2 5
0 6
2 7
4 6
3 4
5 5
6 7
7 5
5 4
3 5
1 4
0 2
2 3
This so is the 88th sol :
2 3
1 1
0 3
1 5
0 7
2 6
4 7
6 6
7 4
6 2
7 0
5 1
7 2
6 0
4 1
2 0
0 1
1 3
0 5
1 7
3 6
5 7
7 6
6 4
5 6
7 7
6 5
7 3
6 1
4 0
2 1
0 0
1 2
0 4
1 6
3 7
4 5
5 3
3 2
2 4
4 3
3 1
1 0
2 2
3 0
4 2
5 0
7 1
6 3
4 4
5 2
3 3
2 5
4 6
3 4
5 5
6 7
7 5
5 4
3 5
2 7
0 6
1 4
0 2
2 3
This so is the 89th sol :
2 3
1 1
0 3
1 5
0 7
2 6
4 7
6 6
7 4
6 2
7 0
5 1
7 2
6 0
4 1
2 0
0 1
1 3
0 5
1 7
3 6
5 7
7 6
6 4
5 6
7 7
6 5
7 3
6 1
4 0
2 1
0 0
1 2
0 4
1 6
3 7
4 5
5 3
3 2
2 4
4 3
3 1
1 0
2 2
3 0
4 2
5 0
7 1
6 3
4 4
5 2
3 3
5 4
7 5
6 7
5 5
3 4
4 6
2 5
0 6
2 7
3 5
1 4
0 2
2 3
This so is the 90th sol :
2 3
1 1
0 3
1 5
0 7
2 6
4 7
6 6
7 4
6 2
7 0
5 1
7 2
6 0
4 1
2 0
0 1
1 3
0 5
1 7
3 6
5 7
7 6
6 4
5 6
7 7
6 5
7 3
6 1
4 0
2 1
0 0
1 2
0 4
1 6
3 7
4 5
5 3
3 2
2 4
4 3
3 1
1 0
2 2
3 0
4 2
5 0
7 1
5 2
4 4
6 3
7 5
6 7
5 5
3 4
4 6
2 7
0 6
2 5
3 3
5 4
3 5
1 4
0 2
2 3
This so is the 91th sol :
2 3
1 1
0 3
1 5
0 7
2 6
4 7
6 6
7 4
6 2
7 0
5 1
7 2
6 0
4 1
2 0
0 1
1 3
0 5
1 7
3 6
5 7
7 6
6 4
5 6
7 7
6 5
7 3
6 1
4 0
2 1
0 0
1 2
0 4
1 6
3 7
4 5
5 3
3 2
2 4
4 3
3 1
1 0
2 2
3 0
4 2
5 0
7 1
5 2
4 4
6 3
7 5
6 7
5 5
3 4
4 6
2 7
3 5
5 4
3 3
2 5
0 6
1 4
0 2
2 3
This so is the 92th sol :
2 3
1 1
0 3
1 5
0 7
2 6
4 7
6 6
7 4
6 2
7 0
5 1
7 2
6 0
4 1
2 0
0 1
1 3
0 5
1 7
3 6
5 7
7 6
6 4
5 6
7 7
6 5
7 3
6 1
4 0
2 1
0 0
1 2
0 4
1 6
3 7
4 5
5 3
3 2
2 4
4 3
3 1
1 0
2 2
3 0
4 2
5 0
7 1
5 2
4 4
6 3
7 5
6 7
5 5
3 4
4 6
5 4
3 3
2 5
0 6
2 7
3 5
1 4
0 2
2 3
This so is the 93th sol :
2 3
1 1
0 3
1 5
0 7
2 6
4 7
6 6
7 4
6 2
7 0
5 1
7 2
6 0
4 1
2 0
0 1
1 3
0 5
1 7
3 6
5 7
7 6
6 4
5 6
7 7
6 5
7 3
6 1
4 0
2 1
0 0
1 2
0 4
1 6
3 7
4 5
5 3
3 2
2 4
4 3
3 1
1 0
2 2
3 0
4 2
5 0
7 1
5 2
4 4
6 3
7 5
6 7
5 5
3 4
4 6
5 4
3 5
2 7
0 6
2 5
3 3
1 4
0 2
2 3
This so is the 94th sol :
2 3
1 1
0 3
1 5
0 7
2 6
4 7
6 6
7 4
6 2
7 0
5 1
7 2
6 0
4 1
2 0
0 1
1 3
0 5
1 7
3 6
5 7
7 6
6 4
5 6
7 7
6 5
7 3
6 1
4 0
2 1
0 0
1 2
0 4
1 6
3 7
4 5
5 3
3 2
2 4
4 3
3 1
1 0
2 2
3 0
4 2
5 0
7 1
5 2
4 4
6 3
7 5
6 7
5 5
3 4
4 6
2 5
0 6
2 7
3 5
5 4
3 3
1 4
0 2
2 3
This so is the 95th sol :
2 3
1 1
0 3
1 5
0 7
2 6
4 7
6 6
7 4
6 2
7 0
5 1
7 2
6 0
4 1
2 0
0 1
1 3
0 5
1 7
3 6
5 7
7 6
6 4
5 6
7 7
6 5
7 3
6 1
4 0
2 1
0 0
1 2
0 4
1 6
3 7
4 5
5 3
3 2
2 4
4 3
3 1
1 0
2 2
3 0
4 2
5 0
7 1
5 2
4 4
6 3
7 5
6 7
5 5
3 4
4 6
2 5
3 3
5 4
3 5
2 7
0 6
1 4
0 2
2 3
This so is the 96th sol :
2 3
1 1
0 3
1 5
0 7
2 6
4 7
6 6
7 4
6 2
7 0
5 1
7 2
6 0
4 1
2 0
0 1
1 3
0 5
1 7
3 6
5 7
7 6
6 4
5 6
7 7
6 5
7 3
6 1
4 0
2 1
0 0
1 2
0 4
1 6
3 7
4 5
5 3
3 2
2 4
4 3
3 1
1 0
2 2
3 0
4 2
5 0
7 1
5 2
4 4
6 3
5 5
3 4
4 6
6 7
7 5
5 4
3 3
2 5
0 6
2 7
3 5
1 4
0 2
2 3
This so is the 97th sol :
2 3
1 1
0 3
1 5
0 7
2 6
4 7
6 6
7 4
6 2
7 0
5 1
7 2
6 0
4 1
2 0
0 1
1 3
0 5
1 7
3 6
5 7
7 6
6 4
5 6
7 7
6 5
7 3
6 1
4 0
2 1
0 0
1 2
0 4
1 6
3 7
4 5
5 3
3 2
2 4
4 3
3 1
1 0
2 2
3 0
4 2
5 0
7 1
5 2
4 4
6 3
5 5
3 4
4 6
6 7
7 5
5 4
3 5
2 7
0 6
2 5
3 3
1 4
0 2
2 3
This so is the 98th sol :
2 3
1 1
0 3
1 5
0 7
2 6
4 7
6 6
7 4
6 2
7 0
5 1
7 2
6 0
4 1
2 0
0 1
1 3
0 5
1 7
3 6
5 7
7 6
6 4
5 6
7 7
6 5
7 3
6 1
4 0
2 1
0 0
1 2
0 4
1 6
3 7
4 5
5 3
3 2
2 4
4 3
3 1
1 0
2 2
3 0
4 2
5 0
7 1
5 2
3 3
2 5
4 4
6 3
7 5
6 7
5 5
3 4
4 6
5 4
3 5
2 7
0 6
1 4
0 2
2 3
This so is the 99th sol :
2 3
1 1
0 3
1 5
0 7
2 6
4 7
6 6
7 4
6 2
7 0
5 1
7 2
6 0
4 1
2 0
0 1
1 3
0 5
1 7
3 6
5 7
7 6
6 4
5 6
7 7
6 5
7 3
6 1
4 0
2 1
0 0
1 2
0 4
1 6
3 7
4 5
5 3
3 2
2 4
4 3
3 1
1 0
2 2
3 0
4 2
5 0
7 1
5 2
3 3
2 5
4 4
6 3
5 5
3 4
4 6
6 7
7 5
5 4
3 5
2 7
0 6
1 4
0 2
2 3
This so is the 100th sol :
2 3
1 1
0 3
1 5
0 7
2 6
4 7
6 6
7 4
6 2
7 0
5 1
7 2
6 0
4 1
2 0
0 1
1 3
0 5
1 7
3 6
5 7
7 6
6 4
5 6
7 7
6 5
7 3
6 1
4 0
2 1
0 0
1 2
0 4
1 6
3 7
4 5
5 3
3 2
2 4
4 3
3 1
1 0
2 2
3 0
4 2
5 0
7 1
5 2
3 3
5 4
7 5
6 7
4 6
3 4
5 5
6 3
4 4
2 5
0 6
2 7
3 5
1 4
0 2
2 3
This so is the 101th sol :
2 3
1 1
0 3
1 5
0 7
2 6
4 7
6 6
7 4
6 2
7 0
5 1
7 2
6 0
4 1
2 0
0 1
1 3
0 5
1 7
3 6
5 7
7 6
6 4
5 6
7 7
6 5
7 3
6 1
4 0
2 1
0 0
1 2
0 4
1 6
3 7
4 5
5 3
3 2
2 4
4 3
3 1
1 0
2 2
3 0
4 2
5 0
7 1
5 2
3 3
5 4
4 6
3 4
5 5
6 7
7 5
6 3
4 4
2 5
0 6
2 7
3 5
1 4
0 2
2 3
This so is the 102th sol :
2 3
1 1
0 3
1 5
0 7
2 6
4 7
6 6
7 4
6 2
7 0
5 1
7 2
6 0
4 1
2 0
0 1
1 3
0 5
1 7
3 6
5 7
7 6
6 4
5 6
7 7
6 5
7 3
6 1
4 0
2 1
0 0
1 2
0 4
1 6
3 7
4 5
5 3
3 2
2 4
4 3
3 1
1 0
2 2
3 0
4 2
5 0
7 1
5 2
3 3
5 4
3 5
2 7
4 6
3 4
5 5
6 7
7 5
6 3
4 4
2 5
0 6
1 4
0 2
2 3
This so is the 103th sol :
2 3
1 1
0 3
1 5
0 7
2 6
4 7
6 6
7 4
6 2
7 0
5 1
7 2
6 0
4 1
2 0
0 1
1 3
0 5
1 7
3 6
5 7
7 6
6 4
5 6
7 7
6 5
7 3
6 1
4 0
2 1
0 0
1 2
0 4
1 6
3 7
4 5
5 3
3 2
2 4
4 3
3 1
5 0
7 1
6 3
7 5
6 7
5 5
3 4
4 6
2 7
0 6
2 5
4 4
5 2
3 3
1 4
0 2
1 0
2 2
3 0
4 2
5 4
3 5
2 3
This so is the 104th sol :
2 3
1 1
0 3
1 5
0 7
2 6
4 7
6 6
7 4
6 2
7 0
5 1
7 2
6 0
4 1
2 0
0 1
1 3
0 5
1 7
3 6
5 7
7 6
6 4
5 6
7 7
6 5
7 3
6 1
4 0
2 1
0 0
1 2
0 4
1 6
3 7
4 5
5 3
3 2
2 4
4 3
3 1
5 0
7 1
6 3
7 5
6 7
5 5
3 4
4 6
2 7
0 6
2 5
4 4
5 2
3 3
1 4
3 5
5 4
4 2
3 0
2 2
1 0
0 2
2 3
This so is the 105th sol :
2 3
1 1
0 3
1 5
0 7
2 6
4 7
6 6
7 4
6 2
7 0
5 1
7 2
6 0
4 1
2 0
0 1
1 3
0 5
1 7
3 6
5 7
7 6
6 4
5 6
7 7
6 5
7 3
6 1
4 0
2 1
0 0
1 2
0 4
1 6
3 7
4 5
5 3
3 2
2 4
4 3
3 1
5 0
7 1
6 3
7 5
6 7
5 5
3 4
4 6
2 7
0 6
2 5
4 4
5 2
3 3
5 4
4 2
3 0
2 2
1 0
0 2
1 4
3 5
2 3
This so is the 106th sol :
2 3
1 1
0 3
1 5
0 7
2 6
4 7
6 6
7 4
6 2
7 0
5 1
7 2
6 0
4 1
2 0
0 1
1 3
0 5
1 7
3 6
5 7
7 6
6 4
5 6
7 7
6 5
7 3
6 1
4 0
2 1
0 0
1 2
0 4
1 6
3 7
4 5
5 3
3 2
2 4
4 3
3 1
5 0
7 1
6 3
7 5
6 7
5 5
3 4
4 6
2 7
0 6
2 5
4 4
5 2
3 3
5 4
3 5
1 4
0 2
1 0
2 2
3 0
4 2
2 3
This so is the 107th sol :
2 3
1 1
0 3
1 5
0 7
2 6
4 7
6 6
7 4
6 2
7 0
5 1
7 2
6 0
4 1
2 0
0 1
1 3
0 5
1 7
3 6
5 7
7 6
6 4
5 6
7 7
6 5
7 3
6 1
4 0
2 1
0 0
1 2
0 4
1 6
3 7
4 5
5 3
3 2
2 4
4 3
3 1
5 0
7 1
6 3
7 5
6 7
5 5
3 4
4 6
2 7
3 5
1 4
0 6
2 5
4 4
5 2
3 3
5 4
4 2
3 0
2 2
1 0
0 2
2 3
This so is the 108th sol :
2 3
1 1
0 3
1 5
0 7
2 6
4 7
6 6
7 4
6 2
7 0
5 1
7 2
6 0
4 1
2 0
0 1
1 3
0 5
1 7
3 6
5 7
7 6
6 4
5 6
7 7
6 5
7 3
6 1
4 0
2 1
0 0
1 2
0 4
1 6
3 7
4 5
5 3
3 2
2 4
4 3
3 1
5 0
7 1
6 3
7 5
6 7
5 5
3 4
4 6
2 7
3 5
5 4
4 2
3 0
2 2
1 0
0 2
1 4
0 6
2 5
3 3
5 2
4 4
2 3
This so is the 109th sol :
2 3
1 1
0 3
1 5
0 7
2 6
4 7
6 6
7 4
6 2
7 0
5 1
7 2
6 0
4 1
2 0
0 1
1 3
0 5
1 7
3 6
5 7
7 6
6 4
5 6
7 7
6 5
7 3
6 1
4 0
2 1
0 0
1 2
0 4
1 6
3 7
4 5
5 3
3 2
2 4
4 3
3 1
5 0
7 1
6 3
7 5
6 7
5 5
3 4
4 6
2 7
3 5
5 4
3 3
5 2
4 4
2 5
0 6
1 4
0 2
1 0
2 2
3 0
4 2
2 3
This so is the 110th sol :
2 3
1 1
0 3
1 5
0 7
2 6
4 7
6 6
7 4
6 2
7 0
5 1
7 2
6 0
4 1
2 0
0 1
1 3
0 5
1 7
3 6
5 7
7 6
6 4
5 6
7 7
6 5
7 3
6 1
4 0
2 1
0 0
1 2
0 4
1 6
3 7
4 5
5 3
3 2
2 4
4 3
3 1
5 0
7 1
6 3
7 5
6 7
5 5
3 4
4 6
5 4
4 2
3 0
2 2
1 0
0 2
1 4
3 5
2 7
0 6
2 5
3 3
5 2
4 4
2 3
This so is the 111th sol :
2 3
1 1
0 3
1 5
0 7
2 6
4 7
6 6
7 4
6 2
7 0
5 1
7 2
6 0
4 1
2 0
0 1
1 3
0 5
1 7
3 6
5 7
7 6
6 4
5 6
7 7
6 5
7 3
6 1
4 0
2 1
0 0
1 2
0 4
1 6
3 7
4 5
5 3
3 2
2 4
4 3
3 1
5 0
7 1
6 3
7 5
6 7
5 5
3 4
4 6
5 4
4 2
3 0
2 2
1 0
0 2
1 4
3 3
5 2
4 4
2 5
0 6
2 7
3 5
2 3
This so is the 112th sol :
2 3
1 1
0 3
1 5
0 7
2 6
4 7
6 6
7 4
6 2
7 0
5 1
7 2
6 0
4 1
2 0
0 1
1 3
0 5
1 7
3 6
5 7
7 6
6 4
5 6
7 7
6 5
7 3
6 1
4 0
2 1
0 0
1 2
0 4
1 6
3 7
4 5
5 3
3 2
2 4
4 3
3 1
5 0
7 1
6 3
7 5
6 7
5 5
3 4
4 6
5 4
3 3
5 2
4 4
2 5
0 6
2 7
3 5
1 4
0 2
1 0
2 2
3 0
4 2
2 3
This so is the 113th sol :
2 3
1 1
0 3
1 5
0 7
2 6
4 7
6 6
7 4
6 2
7 0
5 1
7 2
6 0
4 1
2 0
0 1
1 3
0 5
1 7
3 6
5 7
7 6
6 4
5 6
7 7
6 5
7 3
6 1
4 0
2 1
0 0
1 2
0 4
1 6
3 7
4 5
5 3
3 2
2 4
4 3
3 1
5 0
7 1
6 3
7 5
6 7
5 5
3 4
4 6
5 4
3 5
2 7
0 6
2 5
4 4
5 2
3 3
1 4
0 2
1 0
2 2
3 0
4 2
2 3
This so is the 114th sol :
2 3
1 1
0 3
1 5
0 7
2 6
4 7
6 6
7 4
6 2
7 0
5 1
7 2
6 0
4 1
2 0
0 1
1 3
0 5
1 7
3 6
5 7
7 6
6 4
5 6
7 7
6 5
7 3
6 1
4 0
2 1
0 0
1 2
0 4
1 6
3 7
4 5
5 3
3 2
2 4
4 3
3 1
5 0
7 1
6 3
7 5
6 7
5 5
3 4
4 6
2 5
0 6
2 7
3 5
1 4
0 2
1 0
2 2
3 0
4 2
5 4
3 3
5 2
4 4
2 3
This so is the 115th sol :
2 3
1 1
0 3
1 5
0 7
2 6
4 7
6 6
7 4
6 2
7 0
5 1
7 2
6 0
4 1
2 0
0 1
1 3
0 5
1 7
3 6
5 7
7 6
6 4
5 6
7 7
6 5
7 3
6 1
4 0
2 1
0 0
1 2
0 4
1 6
3 7
4 5
5 3
3 2
2 4
4 3
3 1
5 0
7 1
6 3
7 5
6 7
5 5
3 4
4 6
2 5
0 6
2 7
3 5
5 4
4 2
3 0
2 2
1 0
0 2
1 4
3 3
5 2
4 4
2 3
This so is the 116th sol :
2 3
1 1
0 3
1 5
0 7
2 6
4 7
6 6
7 4
6 2
7 0
5 1
7 2
6 0
4 1
2 0
0 1
1 3
0 5
1 7
3 6
5 7
7 6
6 4
5 6
7 7
6 5
7 3
6 1
4 0
2 1
0 0
1 2
0 4
1 6
3 7
4 5
5 3
3 2
2 4
4 3
3 1
5 0
7 1
6 3
7 5
6 7
5 5
3 4
4 6
2 5
4 4
5 2
3 3
1 4
0 6
2 7
3 5
5 4
4 2
3 0
2 2
1 0
0 2
2 3
This so is the 117th sol :
2 3
1 1
0 3
1 5
0 7
2 6
4 7
6 6
7 4
6 2
7 0
5 1
7 2
6 0
4 1
2 0
0 1
1 3
0 5
1 7
3 6
5 7
7 6
6 4
5 6
7 7
6 5
7 3
6 1
4 0
2 1
0 0
1 2
0 4
1 6
3 7
4 5
5 3
3 2
2 4
4 3
3 1
5 0
7 1
6 3
7 5
6 7
5 5
3 4
4 6
2 5
4 4
5 2
3 3
5 4
4 2
3 0
2 2
1 0
0 2
1 4
0 6
2 7
3 5
2 3
This so is the 118th sol :
2 3
1 1
0 3
1 5
0 7
2 6
4 7
6 6
7 4
6 2
7 0
5 1
7 2
6 0
4 1
2 0
0 1
1 3
0 5
1 7
3 6
5 7
7 6
6 4
5 6
7 7
6 5
7 3
6 1
4 0
2 1
0 0
1 2
0 4
1 6
3 7
4 5
5 3
3 2
2 4
4 3
3 1
5 0
7 1
6 3
7 5
6 7
5 5
3 4
4 6
2 5
4 4
5 2
3 3
5 4
3 5
2 7
0 6
1 4
0 2
1 0
2 2
3 0
4 2
2 3
This so is the 119th sol :
2 3
1 1
0 3
1 5
0 7
2 6
4 7
6 6
7 4
6 2
7 0
5 1
7 2
6 0
4 1
2 0
0 1
1 3
0 5
1 7
3 6
5 7
7 6
6 4
5 6
7 7
6 5
7 3
6 1
4 0
2 1
0 0
1 2
0 4
1 6
3 7
4 5
5 3
3 2
2 4
4 3
3 1
5 0
7 1
6 3
7 5
6 7
5 5
3 4
4 2
3 0
2 2
1 0
0 2
1 4
0 6
2 7
4 6
2 5
4 4
5 2
3 3
5 4
3 5
2 3
This so is the 120th sol :
2 3
1 1
0 3
1 5
0 7
2 6
4 7
6 6
7 4
6 2
7 0
5 1
7 2
6 0
4 1
2 0
0 1
1 3
0 5
1 7
3 6
5 7
7 6
6 4
5 6
7 7
6 5
7 3
6 1
4 0
2 1
0 0
1 2
0 4
1 6
3 7
4 5
5 3
3 2
2 4
4 3
3 1
5 0
7 1
6 3
7 5
6 7
5 5
3 4
4 2
3 0
2 2
1 0
0 2
1 4
0 6
2 7
3 5
5 4
4 6
2 5
3 3
5 2
4 4
2 3
This so is the 121th sol :
2 3
1 1
0 3
1 5
0 7
2 6
4 7
6 6
7 4
6 2
7 0
5 1
7 2
6 0
4 1
2 0
0 1
1 3
0 5
1 7
3 6
5 7
7 6
6 4
5 6
7 7
6 5
7 3
6 1
4 0
2 1
0 0
1 2
0 4
1 6
3 7
4 5
5 3
3 2
2 4
4 3
3 1
5 0
7 1
6 3
7 5
6 7
5 5
3 4
4 2
3 0
2 2
1 0
0 2
1 4
0 6
2 5
4 6
2 7
3 5
5 4
3 3
5 2
4 4
2 3
This so is the 122th sol :
2 3
1 1
0 3
1 5
0 7
2 6
4 7
6 6
7 4
6 2
7 0
5 1
7 2
6 0
4 1
2 0
0 1
1 3
0 5
1 7
3 6
5 7
7 6
6 4
5 6
7 7
6 5
7 3
6 1
4 0
2 1
0 0
1 2
0 4
1 6
3 7
4 5
5 3
3 2
2 4
4 3
3 1
5 0
7 1
6 3
7 5
6 7
5 5
3 4
4 2
3 0
2 2
1 0
0 2
1 4
0 6
2 5
4 4
5 2
3 3
5 4
4 6
2 7
3 5
2 3
This so is the 123th sol :
2 3
1 1
0 3
1 5
0 7
2 6
4 7
6 6
7 4
6 2
7 0
5 1
7 2
6 0
4 1
2 0
0 1
1 3
0 5
1 7
3 6
5 7
7 6
6 4
5 6
7 7
6 5
7 3
6 1
4 0
2 1
0 0
1 2
0 4
1 6
3 7
4 5
5 3
3 2
2 4
4 3
3 1
5 0
7 1
6 3
7 5
6 7
5 5
3 4
4 2
3 0
2 2
1 0
0 2
1 4
3 5
2 7
0 6
2 5
4 6
5 4
3 3
5 2
4 4
2 3
This so is the 124th sol :
2 3
1 1
0 3
1 5
0 7
2 6
4 7
6 6
7 4
6 2
7 0
5 1
7 2
6 0
4 1
2 0
0 1
1 3
0 5
1 7
3 6
5 7
7 6
6 4
5 6
7 7
6 5
7 3
6 1
4 0
2 1
0 0
1 2
0 4
1 6
3 7
4 5
5 3
3 2
2 4
4 3
3 1
5 0
7 1
6 3
7 5
6 7
5 5
3 4
4 2
3 0
2 2
1 0
0 2
1 4
3 5
5 4
4 6
2 7
0 6
2 5
3 3
5 2
4 4
2 3
This so is the 125th sol :
2 3
1 1
0 3
1 5
0 7
2 6
4 7
6 6
7 4
6 2
7 0
5 1
7 2
6 0
4 1
2 0
0 1
1 3
0 5
1 7
3 6
5 7
7 6
6 4
5 6
7 7
6 5
7 3
6 1
4 0
2 1
0 0
1 2
0 4
1 6
3 7
4 5
5 3
3 2
2 4
4 3
3 1
5 0
7 1
6 3
7 5
6 7
5 5
3 4
4 2
3 0
2 2
1 0
0 2
1 4
3 3
5 2
4 4
2 5
0 6
2 7
4 6
5 4
3 5
2 3
This so is the 126th sol :
2 3
1 1
0 3
1 5
0 7
2 6
4 7
6 6
7 4
6 2
7 0
5 1
7 2
6 0
4 1
2 0
0 1
1 3
0 5
1 7
3 6
5 7
7 6
6 4
5 6
7 7
6 5
7 3
6 1
4 0
2 1
0 0
1 2
0 4
1 6
3 7
4 5
5 3
3 2
2 4
4 3
3 1
5 0
7 1
6 3
7 5
5 4
4 6
6 7
5 5
3 4
4 2
3 0
2 2
1 0
0 2
1 4
3 5
2 7
0 6
2 5
3 3
5 2
4 4
2 3
This so is the 127th sol :
2 3
1 1
0 3
1 5
0 7
2 6
4 7
6 6
7 4
6 2
7 0
5 1
7 2
6 0
4 1
2 0
0 1
1 3
0 5
1 7
3 6
5 7
7 6
6 4
5 6
7 7
6 5
7 3
6 1
4 0
2 1
0 0
1 2
0 4
1 6
3 7
4 5
5 3
3 2
2 4
4 3
3 1
5 0
7 1
6 3
7 5
5 4
4 6
6 7
5 5
3 4
4 2
3 0
2 2
1 0
0 2
1 4
3 3
5 2
4 4
2 5
0 6
2 7
3 5
2 3
This so is the 128th sol :
2 3
1 1
0 3
1 5
0 7
2 6
4 7
6 6
7 4
6 2
7 0
5 1
7 2
6 0
4 1
2 0
0 1
1 3
0 5
1 7
3 6
5 7
7 6
6 4
5 6
7 7
6 5
7 3
6 1
4 0
2 1
0 0
1 2
0 4
1 6
3 7
4 5
5 3
3 2
2 4
4 3
3 1
5 0
7 1
6 3
7 5
5 4
3 3
5 2
4 4
2 5
0 6
2 7
4 6
6 7
5 5
3 4
4 2
3 0
2 2
1 0
0 2
1 4
3 5
2 3
This so is the 129th sol :
2 3
1 1
0 3
1 5
0 7
2 6
4 7
6 6
7 4
6 2
7 0
5 1
7 2
6 0
4 1
2 0
0 1
1 3
0 5
1 7
3 6
5 7
7 6
6 4
5 6
7 7
6 5
7 3
6 1
4 0
2 1
0 0
1 2
0 4
1 6
3 7
4 5
5 3
3 2
2 4
4 3
3 1
5 0
7 1
6 3
7 5
5 4
3 3
5 2
4 4
2 5
0 6
1 4
0 2
1 0
2 2
3 0
4 2
3 4
5 5
6 7
4 6
2 7
3 5
2 3
This so is the 130th sol :
2 3
1 1
0 3
1 5
0 7
2 6
4 7
6 6
7 4
6 2
7 0
5 1
7 2
6 0
4 1
2 0
0 1
1 3
0 5
1 7
3 6
5 7
7 6
6 4
5 6
7 7
6 5
7 3
6 1
4 0
2 1
0 0
1 2
0 4
1 6
3 7
4 5
5 3
3 2
2 4
4 3
3 1
5 0
7 1
6 3
7 5
5 4
3 3
5 2
4 4
2 5
0 6
1 4
3 5
2 7
4 6
6 7
5 5
3 4
4 2
3 0
2 2
1 0
0 2
2 3
This so is the 131th sol :
2 3
1 1
0 3
1 5
0 7
2 6
4 7
6 6
7 4
6 2
7 0
5 1
7 2
6 0
4 1
2 0
0 1
1 3
0 5
1 7
3 6
5 7
7 6
6 4
5 6
7 7
6 5
7 3
6 1
4 0
2 1
0 0
1 2
0 4
1 6
3 7
4 5
5 3
3 2
2 4
4 3
3 1
5 0
7 1
6 3
7 5
5 4
3 3
5 2
4 4
2 5
4 6
6 7
5 5
3 4
4 2
3 0
2 2
1 0
0 2
1 4
0 6
2 7
3 5
2 3
This so is the 132th sol :
2 3
1 1
0 3
1 5
0 7
2 6
4 7
6 6
7 4
6 2
7 0
5 1
7 2
6 0
4 1
2 0
0 1
1 3
0 5
1 7
3 6
5 7
7 6
6 4
5 6
7 7
6 5
7 3
6 1
4 0
2 1
0 0
1 2
0 4
1 6
3 7
4 5
5 3
3 2
2 4
4 3
3 1
5 0
7 1
6 3
7 5
5 4
3 5
2 7
0 6
1 4
0 2
1 0
2 2
3 0
4 2
3 4
5 5
6 7
4 6
2 5
3 3
5 2
4 4
2 3
This so is the 133th sol :
2 3
1 1
0 3
1 5
0 7
2 6
4 7
6 6
7 4
6 2
7 0
5 1
7 2
6 0
4 1
2 0
0 1
1 3
0 5
1 7
3 6
5 7
7 6
6 4
5 6
7 7
6 5
7 3
6 1
4 0
2 1
0 0
1 2
0 4
1 6
3 7
4 5
5 3
3 2
2 4
4 3
3 1
5 0
7 1
6 3
7 5
5 4
3 5
2 7
0 6
1 4
3 3
5 2
4 4
2 5
4 6
6 7
5 5
3 4
4 2
3 0
2 2
1 0
0 2
2 3
This so is the 134th sol :
2 3
1 1
0 3
1 5
0 7
2 6
4 7
6 6
7 4
6 2
7 0
5 1
7 2
6 0
4 1
2 0
0 1
1 3
0 5
1 7
3 6
5 7
7 6
6 4
5 6
7 7
6 5
7 3
6 1
4 0
2 1
0 0
1 2
0 4
1 6
3 7
4 5
5 3
3 2
2 4
4 3
3 1
5 0
7 1
6 3
7 5
5 4
3 5
2 7
0 6
2 5
4 6
6 7
5 5
3 4
4 2
3 0
2 2
1 0
0 2
1 4
3 3
5 2
4 4
2 3
This so is the 135th sol :
2 3
1 1
0 3
1 5
0 7
2 6
4 7
6 6
7 4
6 2
7 0
5 1
7 2
6 0
4 1
2 0
0 1
1 3
0 5
1 7
3 6
5 7
7 6
6 4
5 6
7 7
6 5
7 3
6 1
4 0
2 1
0 0
1 2
0 4
1 6
3 7
4 5
5 3
3 2
2 4
4 3
3 1
5 0
7 1
6 3
7 5
5 4
3 5
2 7
4 6
6 7
5 5
3 4
4 2
3 0
2 2
1 0
0 2
1 4
0 6
2 5
3 3
5 2
4 4
2 3
This so is the 136th sol :
2 3
1 1
0 3
1 5
0 7
2 6
4 7
6 6
7 4
6 2
7 0
5 1
7 2
6 0
4 1
2 0
0 1
1 3
0 5
1 7
3 6
5 7
7 6
6 4
5 6
7 7
6 5
7 3
6 1
4 0
2 1
0 0
1 2
0 4
1 6
3 7
4 5
5 3
3 2
2 4
4 3
3 1
5 0
7 1
6 3
7 5
5 4
3 5
1 4
0 2
1 0
2 2
3 0
4 2
3 4
5 5
6 7
4 6
2 7
0 6
2 5
3 3
5 2
4 4
2 3
This so is the 137th sol :
2 3
1 1
0 3
1 5
0 7
2 6
4 7
6 6
7 4
6 2
7 0
5 1
7 2
6 0
4 1
2 0
0 1
1 3
0 5
1 7
3 6
5 7
7 6
6 4
5 6
7 7
6 5
7 3
6 1
4 0
2 1
0 0
1 2
0 4
1 6
3 7
4 5
5 3
3 2
2 4
4 3
3 1
5 0
7 1
6 3
7 5
5 4
3 5
1 4
3 3
5 2
4 4
2 5
0 6
2 7
4 6
6 7
5 5
3 4
4 2
3 0
2 2
1 0
0 2
2 3
This so is the 138th sol :
2 3
1 1
0 3
1 5
0 7
2 6
4 7
6 6
7 4
6 2
7 0
5 1
7 2
6 0
4 1
2 0
0 1
1 3
0 5
1 7
3 6
5 7
7 6
6 4
5 6
7 7
6 5
7 3
6 1
4 0
2 1
0 0
1 2
0 4
1 6
3 7
4 5
5 3
3 2
2 4
4 3
3 1
5 0
7 1
6 3
5 5
6 7
7 5
5 4
4 6
3 4
4 2
3 0
2 2
1 0
0 2
1 4
3 5
2 7
0 6
2 5
3 3
5 2
4 4
2 3
This so is the 139th sol :
2 3
1 1
0 3
1 5
0 7
2 6
4 7
6 6
7 4
6 2
7 0
5 1
7 2
6 0
4 1
2 0
0 1
1 3
0 5
1 7
3 6
5 7
7 6
6 4
5 6
7 7
6 5
7 3
6 1
4 0
2 1
0 0
1 2
0 4
1 6
3 7
4 5
5 3
3 2
2 4
4 3
3 1
5 0
7 1
6 3
5 5
6 7
7 5
5 4
4 6
3 4
4 2
3 0
2 2
1 0
0 2
1 4
3 3
5 2
4 4
2 5
0 6
2 7
3 5
2 3
This so is the 140th sol :
2 3
1 1
0 3
1 5
0 7
2 6
4 7
6 6
7 4
6 2
7 0
5 1
7 2
6 0
4 1
2 0
0 1
1 3
0 5
1 7
3 6
5 7
7 6
6 4
5 6
7 7
6 5
7 3
6 1
4 0
2 1
0 0
1 2
0 4
1 6
3 7
4 5
5 3
3 2
2 4
4 3
3 1
5 0
7 1
6 3
5 5
6 7
7 5
5 4
3 3
5 2
4 4
2 5
0 6
2 7
4 6
3 4
4 2
3 0
2 2
1 0
0 2
1 4
3 5
2 3
This so is the 141th sol :
2 3
1 1
0 3
1 5
0 7
2 6
4 7
6 6
7 4
6 2
7 0
5 1
7 2
6 0
4 1
2 0
0 1
1 3
0 5
1 7
3 6
5 7
7 6
6 4
5 6
7 7
6 5
7 3
6 1
4 0
2 1
0 0
1 2
0 4
1 6
3 7
4 5
5 3
3 2
2 4
4 3
3 1
5 0
7 1
6 3
5 5
6 7
7 5
5 4
3 3
5 2
4 4
2 5
0 6
1 4
0 2
1 0
2 2
3 0
4 2
3 4
4 6
2 7
3 5
2 3
This so is the 142th sol :
2 3
1 1
0 3
1 5
0 7
2 6
4 7
6 6
7 4
6 2
7 0
5 1
7 2
6 0
4 1
2 0
0 1
1 3
0 5
1 7
3 6
5 7
7 6
6 4
5 6
7 7
6 5
7 3
6 1
4 0
2 1
0 0
1 2
0 4
1 6
3 7
4 5
5 3
3 2
2 4
4 3
3 1
5 0
7 1
6 3
5 5
6 7
7 5
5 4
3 3
5 2
4 4
2 5
0 6
1 4
3 5
2 7
4 6
3 4
4 2
3 0
2 2
1 0
0 2
2 3
This so is the 143th sol :
2 3
1 1
0 3
1 5
0 7
2 6
4 7
6 6
7 4
6 2
7 0
5 1
7 2
6 0
4 1
2 0
0 1
1 3
0 5
1 7
3 6
5 7
7 6
6 4
5 6
7 7
6 5
7 3
6 1
4 0
2 1
0 0
1 2
0 4
1 6
3 7
4 5
5 3
3 2
2 4
4 3
3 1
5 0
7 1
6 3
5 5
6 7
7 5
5 4
3 3
5 2
4 4
2 5
4 6
3 4
4 2
3 0
2 2
1 0
0 2
1 4
0 6
2 7
3 5
2 3
This so is the 144th sol :
2 3
1 1
0 3
1 5
0 7
2 6
4 7
6 6
7 4
6 2
7 0
5 1
7 2
6 0
4 1
2 0
0 1
1 3
0 5
1 7
3 6
5 7
7 6
6 4
5 6
7 7
6 5
7 3
6 1
4 0
2 1
0 0
1 2
0 4
1 6
3 7
4 5
5 3
3 2
2 4
4 3
3 1
5 0
7 1
6 3
5 5
6 7
7 5
5 4
3 5
2 7
0 6
1 4
0 2
1 0
2 2
3 0
4 2
3 4
4 6
2 5
3 3
5 2
4 4
2 3
This so is the 145th sol :
2 3
1 1
0 3
1 5
0 7
2 6
4 7
6 6
7 4
6 2
7 0
5 1
7 2
6 0
4 1
2 0
0 1
1 3
0 5
1 7
3 6
5 7
7 6
6 4
5 6
7 7
6 5
7 3
6 1
4 0
2 1
0 0
1 2
0 4
1 6
3 7
4 5
5 3
3 2
2 4
4 3
3 1
5 0
7 1
6 3
5 5
6 7
7 5
5 4
3 5
2 7
0 6
1 4
3 3
5 2
4 4
2 5
4 6
3 4
4 2
3 0
2 2
1 0
0 2
2 3
This so is the 146th sol :
2 3
1 1
0 3
1 5
0 7
2 6
4 7
6 6
7 4
6 2
7 0
5 1
7 2
6 0
4 1
2 0
0 1
1 3
0 5
1 7
3 6
5 7
7 6
6 4
5 6
7 7
6 5
7 3
6 1
4 0
2 1
0 0
1 2
0 4
1 6
3 7
4 5
5 3
3 2
2 4
4 3
3 1
5 0
7 1
6 3
5 5
6 7
7 5
5 4
3 5
2 7
0 6
2 5
4 6
3 4
4 2
3 0
2 2
1 0
0 2
1 4
3 3
5 2
4 4
2 3
This so is the 147th sol :
2 3
1 1
0 3
1 5
0 7
2 6
4 7
6 6
7 4
6 2
7 0
5 1
7 2
6 0
4 1
2 0
0 1
1 3
0 5
1 7
3 6
5 7
7 6
6 4
5 6
7 7
6 5
7 3
6 1
4 0
2 1
0 0
1 2
0 4
1 6
3 7
4 5
5 3
3 2
2 4
4 3
3 1
5 0
7 1
6 3
5 5
6 7
7 5
5 4
3 5
2 7
4 6
3 4
4 2
3 0
2 2
1 0
0 2
1 4
0 6
2 5
3 3
5 2
4 4
2 3
This so is the 148th sol :
2 3
1 1
0 3
1 5
0 7
2 6
4 7
6 6
7 4
6 2
7 0
5 1
7 2
6 0
4 1
2 0
0 1
1 3
0 5
1 7
3 6
5 7
7 6
6 4
5 6
7 7
6 5
7 3
6 1
4 0
2 1
0 0
1 2
0 4
1 6
3 7
4 5
5 3
3 2
2 4
4 3
3 1
5 0
7 1
6 3
5 5
6 7
7 5
5 4
3 5
1 4
0 2
1 0
2 2
3 0
4 2
3 4
4 6
2 7
0 6
2 5
3 3
5 2
4 4
2 3
This so is the 149th sol :
2 3
1 1
0 3
1 5
0 7
2 6
4 7
6 6
7 4
6 2
7 0
5 1
7 2
6 0
4 1
2 0
0 1
1 3
0 5
1 7
3 6
5 7
7 6
6 4
5 6
7 7
6 5
7 3
6 1
4 0
2 1
0 0
1 2
0 4
1 6
3 7
4 5
5 3
3 2
2 4
4 3
3 1
5 0
7 1
6 3
5 5
6 7
7 5
5 4
3 5
1 4
3 3
5 2
4 4
2 5
0 6
2 7
4 6
3 4
4 2
3 0
2 2
1 0
0 2
2 3
This so is the 150th sol :
2 3
1 1
0 3
1 5
0 7
2 6
4 7
6 6
7 4
6 2
7 0
5 1
7 2
6 0
4 1
2 0
0 1
1 3
0 5
1 7
3 6
5 7
7 6
6 4
5 6
7 7
6 5
7 3
6 1
4 0
2 1
0 0
1 2
0 4
1 6
3 7
4 5
5 3
3 2
2 4
4 3
3 1
5 0
7 1
6 3
5 5
3 4
4 6
6 7
7 5
5 4
4 2
3 0
2 2
1 0
0 2
1 4
3 5
2 7
0 6
2 5
3 3
5 2
4 4
2 3
This so is the 151th sol :
2 3
1 1
0 3
1 5
0 7
2 6
4 7
6 6
7 4
6 2
7 0
5 1
7 2
6 0
4 1
2 0
0 1
1 3
0 5
1 7
3 6
5 7
7 6
6 4
5 6
7 7
6 5
7 3
6 1
4 0
2 1
0 0
1 2
0 4
1 6
3 7
4 5
5 3
3 2
2 4
4 3
3 1
5 0
7 1
6 3
5 5
3 4
4 6
6 7
7 5
5 4
4 2
3 0
2 2
1 0
0 2
1 4
3 3
5 2
4 4
2 5
0 6
2 7
3 5
2 3
This so is the 152th sol :
2 3
1 1
0 3
1 5
0 7
2 6
4 7
6 6
7 4
6 2
7 0
5 1
7 2
6 0
4 1
2 0
0 1
1 3
0 5
1 7
3 6
5 7
7 6
6 4
5 6
7 7
6 5
7 3
6 1
4 0
2 1
0 0
1 2
0 4
1 6
3 7
4 5
5 3
3 2
2 4
4 3
3 1
5 0
7 1
6 3
5 5
3 4
4 6
6 7
7 5
5 4
3 3
5 2
4 4
2 5
0 6
2 7
3 5
1 4
0 2
1 0
2 2
3 0
4 2
2 3
This so is the 153th sol :
2 3
1 1
0 3
1 5
0 7
2 6
4 7
6 6
7 4
6 2
7 0
5 1
7 2
6 0
4 1
2 0
0 1
1 3
0 5
1 7
3 6
5 7
7 6
6 4
5 6
7 7
6 5
7 3
6 1
4 0
2 1
0 0
1 2
0 4
1 6
3 7
4 5
5 3
3 2
2 4
4 3
3 1
5 0
7 1
6 3
5 5
3 4
4 6
6 7
7 5
5 4
3 5
2 7
0 6
2 5
4 4
5 2
3 3
1 4
0 2
1 0
2 2
3 0
4 2
2 3
This so is the 154th sol :
2 3
1 1
0 3
1 5
0 7
2 6
4 7
6 6
7 4
6 2
7 0
5 1
7 2
6 0
4 1
2 0
0 1
1 3
0 5
1 7
3 6
5 7
7 6
6 4
5 6
7 7
6 5
7 3
6 1
4 0
2 1
0 0
1 2
0 4
1 6
3 7
4 5
5 3
3 2
2 4
4 3
3 1
5 0
7 1
6 3
5 5
3 4
4 2
3 0
2 2
1 0
0 2
1 4
0 6
2 7
3 5
5 4
7 5
6 7
4 6
2 5
3 3
5 2
4 4
2 3
This so is the 155th sol :
2 3
1 1
0 3
1 5
0 7
2 6
4 7
6 6
7 4
6 2
7 0
5 1
7 2
6 0
4 1
2 0
0 1
1 3
0 5
1 7
3 6
5 7
7 6
6 4
5 6
7 7
6 5
7 3
6 1
4 0
2 1
0 0
1 2
0 4
1 6
3 7
4 5
5 3
3 2
2 4
4 3
3 1
5 0
7 1
6 3
5 5
3 4
4 2
3 0
2 2
1 0
0 2
1 4
0 6
2 5
4 4
5 2
3 3
5 4
7 5
6 7
4 6
2 7
3 5
2 3
This so is the 156th sol :
2 3
1 1
0 3
1 5
0 7
2 6
4 7
6 6
7 4
6 2
7 0
5 1
7 2
6 0
4 1
2 0
0 1
1 3
0 5
1 7
3 6
5 7
7 6
6 4
5 6
7 7
6 5
7 3
6 1
4 0
2 1
0 0
1 2
0 4
1 6
3 7
4 5
5 3
3 2
2 4
4 3
3 1
5 0
7 1
6 3
5 5
3 4
4 2
3 0
2 2
1 0
0 2
1 4
3 5
2 7
0 6
2 5
4 6
6 7
7 5
5 4
3 3
5 2
4 4
2 3
This so is the 157th sol :
2 3
1 1
0 3
1 5
0 7
2 6
4 7
6 6
7 4
6 2
7 0
5 1
7 2
6 0
4 1
2 0
0 1
1 3
0 5
1 7
3 6
5 7
7 6
6 4
5 6
7 7
6 5
7 3
6 1
4 0
2 1
0 0
1 2
0 4
1 6
3 7
4 5
5 3
3 2
2 4
4 3
3 1
5 0
7 1
6 3
5 5
3 4
4 2
3 0
2 2
1 0
0 2
1 4
3 5
5 4
7 5
6 7
4 6
2 7
0 6
2 5
3 3
5 2
4 4
2 3
This so is the 158th sol :
2 3
1 1
0 3
1 5
0 7
2 6
4 7
6 6
7 4
6 2
7 0
5 1
7 2
6 0
4 1
2 0
0 1
1 3
0 5
1 7
3 6
5 7
7 6
6 4
5 6
7 7
6 5
7 3
6 1
4 0
2 1
0 0
1 2
0 4
1 6
3 7
4 5
5 3
3 2
2 4
4 3
3 1
5 0
7 1
6 3
5 5
3 4
4 2
3 0
2 2
1 0
0 2
1 4
3 3
5 2
4 4
2 5
0 6
2 7
4 6
6 7
7 5
5 4
3 5
2 3
This so is the 159th sol :
2 3
1 1
0 3
1 5
0 7
2 6
4 7
6 6
7 4
6 2
7 0
5 1
7 2
6 0
4 1
2 0
0 1
1 3
0 5
1 7
3 6
5 7
7 6
6 4
5 6
7 7
6 5
7 3
6 1
4 0
2 1
0 0
1 2
0 4
1 6
3 7
4 5
5 3
3 2
2 4
4 3
3 1
5 0
7 1
6 3
4 2
3 0
2 2
1 0
0 2
1 4
0 6
2 7
3 5
5 4
7 5
6 7
5 5
3 4
4 6
2 5
3 3
5 2
4 4
2 3
This so is the 160th sol :
2 3
1 1
0 3
1 5
0 7
2 6
4 7
6 6
7 4
6 2
7 0
5 1
7 2
6 0
4 1
2 0
0 1
1 3
0 5
1 7
3 6
5 7
7 6
6 4
5 6
7 7
6 5
7 3
6 1
4 0
2 1
0 0
1 2
0 4
1 6
3 7
4 5
5 3
3 2
2 4
4 3
3 1
5 0
7 1
6 3
4 2
3 0
2 2
1 0
0 2
1 4
0 6
2 5
4 4
5 2
3 3
5 4
7 5
6 7
5 5
3 4
4 6
2 7
3 5
2 3
This so is the 161th sol :
2 3
1 1
0 3
1 5
0 7
2 6
4 7
6 6
7 4
6 2
7 0
5 1
7 2
6 0
4 1
2 0
0 1
1 3
0 5
1 7
3 6
5 7
7 6
6 4
5 6
7 7
6 5
7 3
6 1
4 0
2 1
0 0
1 2
0 4
1 6
3 7
4 5
5 3
3 2
2 4
4 3
3 1
5 0
7 1
6 3
4 2
3 0
2 2
1 0
0 2
1 4
3 5
2 7
0 6
2 5
4 6
3 4
5 5
6 7
7 5
5 4
3 3
5 2
4 4
2 3
This so is the 162th sol :
2 3
1 1
0 3
1 5
0 7
2 6
4 7
6 6
7 4
6 2
7 0
5 1
7 2
6 0
4 1
2 0
0 1
1 3
0 5
1 7
3 6
5 7
7 6
6 4
5 6
7 7
6 5
7 3
6 1
4 0
2 1
0 0
1 2
0 4
1 6
3 7
4 5
5 3
3 2
2 4
4 3
3 1
5 0
7 1
6 3
4 2
3 0
2 2
1 0
0 2
1 4
3 5
5 4
7 5
6 7
5 5
3 4
4 6
2 7
0 6
2 5
3 3
5 2
4 4
2 3
This so is the 163th sol :
2 3
1 1
0 3
1 5
0 7
2 6
4 7
6 6
7 4
6 2
7 0
5 1
7 2
6 0
4 1
2 0
0 1
1 3
0 5
1 7
3 6
5 7
7 6
6 4
5 6
7 7
6 5
7 3
6 1
4 0
2 1
0 0
1 2
0 4
1 6
3 7
4 5
5 3
3 2
2 4
4 3
3 1
5 0
7 1
6 3
4 2
3 0
2 2
1 0
0 2
1 4
3 3
5 2
4 4
2 5
0 6
2 7
4 6
3 4
5 5
6 7
7 5
5 4
3 5
2 3
This so is the 164th sol :
2 3
1 1
0 3
1 5
0 7
2 6
4 7
6 6
7 4
6 2
7 0
5 1
7 2
6 0
4 1
2 0
0 1
1 3
0 5
1 7
3 6
5 7
7 6
6 4
5 6
7 7
6 5
7 3
6 1
4 0
2 1
0 0
1 2
0 4
1 6
3 7
4 5
5 3
3 2
2 4
4 3
3 1
5 0
7 1
6 3
4 4
5 2
3 3
1 4
0 6
2 5
4 6
2 7
3 5
5 4
7 5
6 7
5 5
3 4
4 2
3 0
2 2
1 0
0 2
2 3
This so is the 165th sol :
2 3
1 1
0 3
1 5
0 7
2 6
4 7
6 6
7 4
6 2
7 0
5 1
7 2
6 0
4 1
2 0
0 1
1 3
0 5
1 7
3 6
5 7
7 6
6 4
5 6
7 7
6 5
7 3
6 1
4 0
2 1
0 0
1 2
0 4
1 6
3 7
4 5
5 3
3 2
2 4
4 3
3 1
5 0
7 1
6 3
4 4
5 2
3 3
1 4
0 2
1 0
2 2
3 0
4 2
3 4
5 5
6 7
7 5
5 4
4 6
2 5
0 6
2 7
3 5
2 3
This so is the 166th sol :
2 3
1 1
0 3
1 5
0 7
2 6
4 7
6 6
7 4
6 2
7 0
5 1
7 2
6 0
4 1
2 0
0 1
1 3
0 5
1 7
3 6
5 7
7 6
6 4
5 6
7 7
6 5
7 3
6 1
4 0
2 1
0 0
1 2
0 4
1 6
3 7
4 5
5 3
3 2
2 4
4 3
3 1
5 0
7 1
6 3
4 4
5 2
3 3
1 4
0 2
1 0
2 2
3 0
4 2
5 4
7 5
6 7
5 5
3 4
4 6
2 5
0 6
2 7
3 5
2 3
This so is the 167th sol :
2 3
1 1
0 3
1 5
0 7
2 6
4 7
6 6
7 4
6 2
7 0
5 1
7 2
6 0
4 1
2 0
0 1
1 3
0 5
1 7
3 6
5 7
7 6
6 4
5 6
7 7
6 5
7 3
6 1
4 0
2 1
0 0
1 2
0 4
1 6
3 7
4 5
5 3
3 2
2 4
4 3
3 1
5 0
7 1
6 3
4 4
5 2
3 3
1 4
3 5
2 7
0 6
2 5
4 6
5 4
7 5
6 7
5 5
3 4
4 2
3 0
2 2
1 0
0 2
2 3
This so is the 168th sol :
2 3
1 1
0 3
1 5
0 7
2 6
4 7
6 6
7 4
6 2
7 0
5 1
7 2
6 0
4 1
2 0
0 1
1 3
0 5
1 7
3 6
5 7
7 6
6 4
5 6
7 7
6 5
7 3
6 1
4 0
2 1
0 0
1 2
0 4
1 6
3 7
4 5
5 3
3 2
2 4
4 3
3 1
5 0
7 1
6 3
4 4
5 2
3 3
1 4
3 5
2 7
0 6
2 5
4 6
3 4
5 5
6 7
7 5
5 4
4 2
3 0
2 2
1 0
0 2
2 3
This so is the 169th sol :
2 3
1 1
0 3
1 5
0 7
2 6
4 7
6 6
7 4
6 2
7 0
5 1
7 2
6 0
4 1
2 0
0 1
1 3
0 5
1 7
3 6
5 7
7 6
6 4
5 6
7 7
6 5
7 3
6 1
4 0
2 1
0 0
1 2
0 4
1 6
3 7
4 5
5 3
3 2
2 4
4 3
3 1
5 0
7 1
6 3
4 4
5 2
3 3
2 5
0 6
2 7
4 6
5 4
7 5
6 7
5 5
3 4
4 2
3 0
2 2
1 0
0 2
1 4
3 5
2 3
This so is the 170th sol :
2 3
1 1
0 3
1 5
0 7
2 6
4 7
6 6
7 4
6 2
7 0
5 1
7 2
6 0
4 1
2 0
0 1
1 3
0 5
1 7
3 6
5 7
7 6
6 4
5 6
7 7
6 5
7 3
6 1
4 0
2 1
0 0
1 2
0 4
1 6
3 7
4 5
5 3
3 2
2 4
4 3
3 1
5 0
7 1
6 3
4 4
5 2
3 3
2 5
0 6
2 7
4 6
3 4
5 5
6 7
7 5
5 4
4 2
3 0
2 2
1 0
0 2
1 4
3 5
2 3
This so is the 171th sol :
2 3
1 1
0 3
1 5
0 7
2 6
4 7
6 6
7 4
6 2
7 0
5 1
7 2
6 0
4 1
2 0
0 1
1 3
0 5
1 7
3 6
5 7
7 6
6 4
5 6
7 7
6 5
7 3
6 1
4 0
2 1
0 0
1 2
0 4
1 6
3 7
4 5
5 3
3 2
2 4
4 3
3 1
5 0
7 1
6 3
4 4
5 2
3 3
2 5
0 6
2 7
4 6
3 4
5 5
6 7
7 5
5 4
3 5
1 4
0 2
1 0
2 2
3 0
4 2
2 3
This so is the 172th sol :
2 3
1 1
0 3
1 5
0 7
2 6
4 7
6 6
7 4
6 2
7 0
5 1
7 2
6 0
4 1
2 0
0 1
1 3
0 5
1 7
3 6
5 7
7 6
6 4
5 6
7 7
6 5
7 3
6 1
4 0
2 1
0 0
1 2
0 4
1 6
3 7
4 5
5 3
3 2
2 4
4 3
3 1
5 0
7 1
6 3
4 4
5 2
3 3
2 5
0 6
1 4
0 2
1 0
2 2
3 0
4 2
3 4
5 5
6 7
7 5
5 4
4 6
2 7
3 5
2 3
This so is the 173th sol :
2 3
1 1
0 3
1 5
0 7
2 6
4 7
6 6
7 4
6 2
7 0
5 1
7 2
6 0
4 1
2 0
0 1
1 3
0 5
1 7
3 6
5 7
7 6
6 4
5 6
7 7
6 5
7 3
6 1
4 0
2 1
0 0
1 2
0 4
1 6
3 7
4 5
5 3
3 2
2 4
4 3
3 1
5 0
7 1
6 3
4 4
5 2
3 3
2 5
0 6
1 4
0 2
1 0
2 2
3 0
4 2
5 4
7 5
6 7
5 5
3 4
4 6
2 7
3 5
2 3
This so is the 174th sol :
2 3
1 1
0 3
1 5
0 7
2 6
4 7
6 6
7 4
6 2
7 0
5 1
7 2
6 0
4 1
2 0
0 1
1 3
0 5
1 7
3 6
5 7
7 6
6 4
5 6
7 7
6 5
7 3
6 1
4 0
2 1
0 0
1 2
0 4
1 6
3 7
4 5
5 3
3 2
2 4
4 3
3 1
5 0
7 1
6 3
4 4
5 2
3 3
2 5
0 6
1 4
3 5
2 7
4 6
5 4
7 5
6 7
5 5
3 4
4 2
3 0
2 2
1 0
0 2
2 3
This so is the 175th sol :
2 3
1 1
0 3
1 5
0 7
2 6
4 7
6 6
7 4
6 2
7 0
5 1
7 2
6 0
4 1
2 0
0 1
1 3
0 5
1 7
3 6
5 7
7 6
6 4
5 6
7 7
6 5
7 3
6 1
4 0
2 1
0 0
1 2
0 4
1 6
3 7
4 5
5 3
3 2
2 4
4 3
3 1
5 0
7 1
6 3
4 4
5 2
3 3
2 5
0 6
1 4
3 5
2 7
4 6
3 4
5 5
6 7
7 5
5 4
4 2
3 0
2 2
1 0
0 2
2 3
This so is the 176th sol :
2 3
1 1
0 3
1 5
0 7
2 6
4 7
6 6
7 4
6 2
7 0
5 1
7 2
6 0
4 1
2 0
0 1
1 3
0 5
1 7
3 6
5 7
7 6
6 4
5 6
7 7
6 5
7 3
6 1
4 0
2 1
0 0
1 2
0 4
1 6
3 7
4 5
5 3
3 2
2 4
4 3
3 1
5 0
7 1
6 3
4 4
5 2
3 3
2 5
4 6
2 7
0 6
1 4
0 2
1 0
2 2
3 0
4 2
3 4
5 5
6 7
7 5
5 4
3 5
2 3
This so is the 177th sol :
2 3
1 1
0 3
1 5
0 7
2 6
4 7
6 6
7 4
6 2
7 0
5 1
7 2
6 0
4 1
2 0
0 1
1 3
0 5
1 7
3 6
5 7
7 6
6 4
5 6
7 7
6 5
7 3
6 1
4 0
2 1
0 0
1 2
0 4
1 6
3 7
4 5
5 3
3 2
2 4
4 3
3 1
5 0
7 1
6 3
4 4
5 2
3 3
2 5
4 6
2 7
0 6
1 4
3 5
5 4
7 5
6 7
5 5
3 4
4 2
3 0
2 2
1 0
0 2
2 3
This so is the 178th sol :
2 3
1 1
0 3
1 5
0 7
2 6
4 7
6 6
7 4
6 2
7 0
5 1
7 2
6 0
4 1
2 0
0 1
1 3
0 5
1 7
3 6
5 7
7 6
6 4
5 6
7 7
6 5
7 3
6 1
4 0
2 1
0 0
1 2
0 4
1 6
3 7
4 5
5 3
3 2
2 4
4 3
3 1
5 0
7 1
6 3
4 4
5 2
3 3
2 5
4 6
5 4
7 5
6 7
5 5
3 4
4 2
3 0
2 2
1 0
0 2
1 4
0 6
2 7
3 5
2 3
This so is the 179th sol :
2 3
1 1
0 3
1 5
0 7
2 6
4 7
6 6
7 4
6 2
7 0
5 1
7 2
6 0
4 1
2 0
0 1
1 3
0 5
1 7
3 6
5 7
7 6
6 4
5 6
7 7
6 5
7 3
6 1
4 0
2 1
0 0
1 2
0 4
1 6
3 7
4 5
5 3
3 2
2 4
4 3
3 1
5 0
7 1
6 3
4 4
5 2
3 3
2 5
4 6
3 4
5 5
6 7
7 5
5 4
4 2
3 0
2 2
1 0
0 2
1 4
0 6
2 7
3 5
2 3
This so is the 180th sol :
2 3
1 1
0 3
1 5
0 7
2 6
4 7
6 6
7 4
6 2
7 0
5 1
7 2
6 0
4 1
2 0
0 1
1 3
0 5
1 7
3 6
5 7
7 6
6 4
5 6
7 7
6 5
7 3
6 1
4 0
2 1
0 0
1 2
0 4
1 6
3 7
4 5
5 3
3 2
2 4
4 3
3 1
5 0
7 1
6 3
4 4
5 2
3 3
2 5
4 6
3 4
5 5
6 7
7 5
5 4
3 5
2 7
0 6
1 4
0 2
1 0
2 2
3 0
4 2
2 3
This so is the 181th sol :
2 3
1 1
0 3
1 5
0 7
2 6
4 7
6 6
7 4
6 2
7 0
5 1
7 2
6 0
4 1
2 0
0 1
1 3
0 5
1 7
3 6
5 7
7 6
6 4
5 6
7 7
6 5
7 3
6 1
4 0
2 1
0 0
1 2
0 4
1 6
3 7
4 5
5 3
3 2
2 4
4 3
3 1
5 0
7 1
6 3
4 4
5 2
3 3
5 4
7 5
6 7
5 5
3 4
4 6
2 5
0 6
2 7
3 5
1 4
0 2
1 0
2 2
3 0
4 2
2 3
This so is the 182th sol :
2 3
1 1
0 3
1 5
0 7
2 6
4 7
6 6
7 4
6 2
7 0
5 1
7 2
6 0
4 1
2 0
0 1
1 3
0 5
1 7
3 6
5 7
7 6
6 4
5 6
7 7
6 5
7 3
6 1
4 0
2 1
0 0
1 2
0 4
1 6
3 7
4 5
5 3
3 2
2 4
4 3
3 1
5 0
7 1
6 3
4 4
5 2
3 3
5 4
7 5
6 7
5 5
3 4
4 2
3 0
2 2
1 0
0 2
1 4
0 6
2 5
4 6
2 7
3 5
2 3
This so is the 183th sol :
2 3
1 1
0 3
1 5
0 7
2 6
4 7
6 6
7 4
6 2
7 0
5 1
7 2
6 0
4 1
2 0
0 1
1 3
0 5
1 7
3 6
5 7
7 6
6 4
5 6
7 7
6 5
7 3
6 1
4 0
2 1
0 0
1 2
0 4
1 6
3 7
4 5
5 3
3 2
2 4
4 3
3 1
5 0
7 1
5 2
4 4
6 3
7 5
6 7
5 5
3 4
4 6
2 7
0 6
2 5
3 3
1 4
0 2
1 0
2 2
3 0
4 2
5 4
3 5
2 3
This so is the 184th sol :
2 3
1 1
0 3
1 5
0 7
2 6
4 7
6 6
7 4
6 2
7 0
5 1
7 2
6 0
4 1
2 0
0 1
1 3
0 5
1 7
3 6
5 7
7 6
6 4
5 6
7 7
6 5
7 3
6 1
4 0
2 1
0 0
1 2
0 4
1 6
3 7
4 5
5 3
3 2
2 4
4 3
3 1
5 0
7 1
5 2
4 4
6 3
7 5
6 7
5 5
3 4
4 6
2 7
0 6
2 5
3 3
1 4
3 5
5 4
4 2
3 0
2 2
1 0
0 2
2 3
This so is the 185th sol :
2 3
1 1
0 3
1 5
0 7
2 6
4 7
6 6
7 4
6 2
7 0
5 1
7 2
6 0
4 1
2 0
0 1
1 3
0 5
1 7
3 6
5 7
7 6
6 4
5 6
7 7
6 5
7 3
6 1
4 0
2 1
0 0
1 2
0 4
1 6
3 7
4 5
5 3
3 2
2 4
4 3
3 1
5 0
7 1
5 2
4 4
6 3
7 5
6 7
5 5
3 4
4 6
2 7
0 6
2 5
3 3
5 4
4 2
3 0
2 2
1 0
0 2
1 4
3 5
2 3
This so is the 186th sol :
2 3
1 1
0 3
1 5
0 7
2 6
4 7
6 6
7 4
6 2
7 0
5 1
7 2
6 0
4 1
2 0
0 1
1 3
0 5
1 7
3 6
5 7
7 6
6 4
5 6
7 7
6 5
7 3
6 1
4 0
2 1
0 0
1 2
0 4
1 6
3 7
4 5
5 3
3 2
2 4
4 3
3 1
5 0
7 1
5 2
4 4
6 3
7 5
6 7
5 5
3 4
4 6
2 7
0 6
2 5
3 3
5 4
3 5
1 4
0 2
1 0
2 2
3 0
4 2
2 3
This so is the 187th sol :
2 3
1 1
0 3
1 5
0 7
2 6
4 7
6 6
7 4
6 2
7 0
5 1
7 2
6 0
4 1
2 0
0 1
1 3
0 5
1 7
3 6
5 7
7 6
6 4
5 6
7 7
6 5
7 3
6 1
4 0
2 1
0 0
1 2
0 4
1 6
3 7
4 5
5 3
3 2
2 4
4 3
3 1
5 0
7 1
5 2
4 4
6 3
7 5
6 7
5 5
3 4
4 6
2 7
3 5
1 4
0 6
2 5
3 3
5 4
4 2
3 0
2 2
1 0
0 2
2 3
This so is the 188th sol :
2 3
1 1
0 3
1 5
0 7
2 6
4 7
6 6
7 4
6 2
7 0
5 1
7 2
6 0
4 1
2 0
0 1
1 3
0 5
1 7
3 6
5 7
7 6
6 4
5 6
7 7
6 5
7 3
6 1
4 0
2 1
0 0
1 2
0 4
1 6
3 7
4 5
5 3
3 2
2 4
4 3
3 1
5 0
7 1
5 2
4 4
6 3
7 5
6 7
5 5
3 4
4 6
2 7
3 5
5 4
3 3
2 5
0 6
1 4
0 2
1 0
2 2
3 0
4 2
2 3
This so is the 189th sol :
2 3
1 1
0 3
1 5
0 7
2 6
4 7
6 6
7 4
6 2
7 0
5 1
7 2
6 0
4 1
2 0
0 1
1 3
0 5
1 7
3 6
5 7
7 6
6 4
5 6
7 7
6 5
7 3
6 1
4 0
2 1
0 0
1 2
0 4
1 6
3 7
4 5
5 3
3 2
2 4
4 3
3 1
5 0
7 1
5 2
4 4
6 3
7 5
6 7
5 5
3 4
4 6
5 4
4 2
3 0
2 2
1 0
0 2
1 4
3 3
2 5
0 6
2 7
3 5
2 3
This so is the 190th sol :
2 3
1 1
0 3
1 5
0 7
2 6
4 7
6 6
7 4
6 2
7 0
5 1
7 2
6 0
4 1
2 0
0 1
1 3
0 5
1 7
3 6
5 7
7 6
6 4
5 6
7 7
6 5
7 3
6 1
4 0
2 1
0 0
1 2
0 4
1 6
3 7
4 5
5 3
3 2
2 4
4 3
3 1
5 0
7 1
5 2
4 4
6 3
7 5
6 7
5 5
3 4
4 6
5 4
3 3
2 5
0 6
2 7
3 5
1 4
0 2
1 0
2 2
3 0
4 2
2 3
This so is the 191th sol :
2 3
1 1
0 3
1 5
0 7
2 6
4 7
6 6
7 4
6 2
7 0
5 1
7 2
6 0
4 1
2 0
0 1
1 3
0 5
1 7
3 6
5 7
7 6
6 4
5 6
7 7
6 5
7 3
6 1
4 0
2 1
0 0
1 2
0 4
1 6
3 7
4 5
5 3
3 2
2 4
4 3
3 1
5 0
7 1
5 2
4 4
6 3
7 5
6 7
5 5
3 4
4 6
5 4
3 5
2 7
0 6
2 5
3 3
1 4
0 2
1 0
2 2
3 0
4 2
2 3
This so is the 192th sol :
2 3
1 1
0 3
1 5
0 7
2 6
4 7
6 6
7 4
6 2
7 0
5 1
7 2
6 0
4 1
2 0
0 1
1 3
0 5
1 7
3 6
5 7
7 6
6 4
5 6
7 7
6 5
7 3
6 1
4 0
2 1
0 0
1 2
0 4
1 6
3 7
4 5
5 3
3 2
2 4
4 3
3 1
5 0
7 1
5 2
4 4
6 3
7 5
6 7
5 5
3 4
4 6
2 5
0 6
2 7
3 5
1 4
3 3
5 4
4 2
3 0
2 2
1 0
0 2
2 3
This so is the 193th sol :
2 3
1 1
0 3
1 5
0 7
2 6
4 7
6 6
7 4
6 2
7 0
5 1
7 2
6 0
4 1
2 0
0 1
1 3
0 5
1 7
3 6
5 7
7 6
6 4
5 6
7 7
6 5
7 3
6 1
4 0
2 1
0 0
1 2
0 4
1 6
3 7
4 5
5 3
3 2
2 4
4 3
3 1
5 0
7 1
5 2
4 4
6 3
7 5
6 7
5 5
3 4
4 6
2 5
0 6
2 7
3 5
5 4
3 3
1 4
0 2
1 0
2 2
3 0
4 2
2 3
This so is the 194th sol :
2 3
1 1
0 3
1 5
0 7
2 6
4 7
6 6
7 4
6 2
7 0
5 1
7 2
6 0
4 1
2 0
0 1
1 3
0 5
1 7
3 6
5 7
7 6
6 4
5 6
7 7
6 5
7 3
6 1
4 0
2 1
0 0
1 2
0 4
1 6
3 7
4 5
5 3
3 2
2 4
4 3
3 1
5 0
7 1
5 2
4 4
6 3
7 5
6 7
5 5
3 4
4 6
2 5
3 3
1 4
0 6
2 7
3 5
5 4
4 2
3 0
2 2
1 0
0 2
2 3
This so is the 195th sol :
2 3
1 1
0 3
1 5
0 7
2 6
4 7
6 6
7 4
6 2
7 0
5 1
7 2
6 0
4 1
2 0
0 1
1 3
0 5
1 7
3 6
5 7
7 6
6 4
5 6
7 7
6 5
7 3
6 1
4 0
2 1
0 0
1 2
0 4
1 6
3 7
4 5
5 3
3 2
2 4
4 3
3 1
5 0
7 1
5 2
4 4
6 3
7 5
6 7
5 5
3 4
4 6
2 5
3 3
5 4
4 2
3 0
2 2
1 0
0 2
1 4
0 6
2 7
3 5
2 3
This so is the 196th sol :
2 3
1 1
0 3
1 5
0 7
2 6
4 7
6 6
7 4
6 2
7 0
5 1
7 2
6 0
4 1
2 0
0 1
1 3
0 5
1 7
3 6
5 7
7 6
6 4
5 6
7 7
6 5
7 3
6 1
4 0
2 1
0 0
1 2
0 4
1 6
3 7
4 5
5 3
3 2
2 4
4 3
3 1
5 0
7 1
5 2
4 4
6 3
7 5
6 7
5 5
3 4
4 6
2 5
3 3
5 4
3 5
2 7
0 6
1 4
0 2
1 0
2 2
3 0
4 2
2 3
This so is the 197th sol :
2 3
1 1
0 3
1 5
0 7
2 6
4 7
6 6
7 4
6 2
7 0
5 1
7 2
6 0
4 1
2 0
0 1
1 3
0 5
1 7
3 6
5 7
7 6
6 4
5 6
7 7
6 5
7 3
6 1
4 0
2 1
0 0
1 2
0 4
1 6
3 7
4 5
5 3
3 2
2 4
4 3
3 1
5 0
7 1
5 2
4 4
6 3
7 5
6 7
5 5
3 4
4 2
3 0
2 2
1 0
0 2
1 4
0 6
2 7
4 6
2 5
3 3
5 4
3 5
2 3
This so is the 198th sol :
2 3
1 1
0 3
1 5
0 7
2 6
4 7
6 6
7 4
6 2
7 0
5 1
7 2
6 0
4 1
2 0
0 1
1 3
0 5
1 7
3 6
5 7
7 6
6 4
5 6
7 7
6 5
7 3
6 1
4 0
2 1
0 0
1 2
0 4
1 6
3 7
4 5
5 3
3 2
2 4
4 3
3 1
5 0
7 1
5 2
4 4
6 3
7 5
6 7
5 5
3 4
4 2
3 0
2 2
1 0
0 2
1 4
0 6
2 5
3 3
5 4
4 6
2 7
3 5
2 3
This so is the 199th sol :
2 3
1 1
0 3
1 5
0 7
2 6
4 7
6 6
7 4
6 2
7 0
5 1
7 2
6 0
4 1
2 0
0 1
1 3
0 5
1 7
3 6
5 7
7 6
6 4
5 6
7 7
6 5
7 3
6 1
4 0
2 1
0 0
1 2
0 4
1 6
3 7
4 5
5 3
3 2
2 4
4 3
3 1
5 0
7 1
5 2
4 4
6 3
7 5
6 7
5 5
3 4
4 2
3 0
2 2
1 0
0 2
1 4
3 3
2 5
0 6
2 7
4 6
5 4
3 5
2 3
This so is the 200th sol :
2 3
1 1
0 3
1 5
0 7
2 6
4 7
6 6
7 4
6 2
7 0
5 1
7 2
6 0
4 1
2 0
0 1
1 3
0 5
1 7
3 6
5 7
7 6
6 4
5 6
7 7
6 5
7 3
6 1
4 0
2 1
0 0
1 2
0 4
1 6
3 7
4 5
5 3
3 2
2 4
4 3
3 1
5 0
7 1
5 2
4 4
6 3
7 5
6 7
5 5
3 4
4 2
3 0
2 2
1 0
0 2
1 4
3 3
5 4
4 6
2 5
0 6
2 7
3 5
2 3
